YOR389W	1	0	0	0	0	0	0	0	0	0	0	1	0	0	0	0	0	0	0	0	0	0	0	0	0	0	0	1	0	0	1	3	1	0	3	2	1	2	6	1	4	2	0	1	3	0	0	0
YOR011W	0	0	0	0	0	0	0	0	0	0	0	0	0	0	0	0	0	0	0	0	2	0	0	0	0	0	0	0	0	0	0	0	0	0	0	0	0	0	0	0	0	0	0	0	0	0	0	0
YMR323W	0	0	0	0	0	0	1	0	0	0	0	0	0	0	0	0	0	0	0	0	0	0	0	0	0	0	0	0	0	0	0	0	0	0	0	0	0	0	0	0	0	0	0	0	0	0	0	0
YIR004W	2	0	0	0	0	0	0	1	0	0	0	0	0	0	0	0	0	0	0	0	0	0	0	0	0	0	0	0	0	0	0	0	0	0	0	0	0	0	0	0	0	0	0	0	0	0	0	0
YIL176C	0	0	0	0	0	0	0	0	0	0	0	0	1	0	0	0	0	0	0	0	0	0	0	0	0	0	0	1	0	0	0	0	0	0	0	0	0	1	1	1	3	0	0	0	0	0	0	0
YMR205C	0	0	0	1	0	1	0	0	0	0	0	0	0	0	0	0	0	1	0	0	0	0	0	0	0	0	0	0	0	0	0	0	0	2	0	0	0	0	0	0	0	0	1	0	0	0	0	0
YCR005C	0	0	1	0	0	0	0	0	0	0	0	0	0	0	0	0	0	0	0	0	0	0	0	0	0	0	0	0	0	0	0	0	0	0	0	0	0	0	0	0	0	0	0	0	0	0	0	0
YGR148C	4	8	9	10	18	5	7	9	9	7	7	12	14	14	10	13	17	14	21	13	12	43	40	30	125	48	34	273	84	231	424	574	581	491	994	742	348	1260	626	291	988	98	209	172	38	25	20	15
YKR059W	19	39	33	36	51	31	42	64	76	39	94	72	52	87	35	96	70	46	103	143	98	174	196	150	679	265	327	1659	463	1790	3163	2710	4998	4445	6266	7679	2565	8886	7595	2439	8263	1943	1913	1516	352	263	142	143
YER131W	11	7	3	6	4	4	2	4	4	4	10	2	0	15	5	7	0	5	11	10	12	19	20	5	40	17	2	87	18	65	142	96	111	147	293	113	103	285	148	73	333	23	68	58	15	0	1	7
YPL249C-A	4	4	2	6	6	3	9	7	1	6	18	3	4	9	0	11	8	3	17	13	3	17	20	10	103	24	23	334	60	77	983	366	192	954	965	297	671	1972	392	1111	1366	150	812	260	42	104	38	37
YDR406W	0	0	0	0	0	0	0	0	0	0	0	0	0	0	0	0	0	0	0	0	0	0	0	0	0	0	0	0	0	1	0	0	0	0	0	0	0	0	0	0	0	0	0	0	0	0	0	0
YOR185C	1	0	0	1	0	0	0	2	0	0	3	0	0	0	0	0	0	0	0	0	1	1	1	0	2	0	0	5	1	1	16	0	4	10	2	1	0	0	0	0	0	0	0	0	0	0	0	0
YBR135W	0	0	0	0	0	0	0	0	0	0	0	0	0	0	0	0	0	0	0	1	0	0	1	0	0	0	1	0	0	2	0	0	15	2	5	10	0	1	4	3	1	0	0	0	0	0	0	1
YKL224C	0	0	0	0	0	0	0	0	0	0	0	0	1	0	0	0	0	0	0	0	0	0	0	0	0	0	0	0	0	0	0	0	0	0	0	0	1	1	0	0	0	0	0	0	0	0	0	0
YLR048W	10	3	7	6	10	9	10	14	9	18	8	16	5	3	7	15	3	7	15	11	26	25	25	24	94	23	20	183	24	212	181	176	588	363	395	556	351	368	835	309	362	232	193	126	49	32	13	29
YLL065W	0	0	0	0	0	0	0	0	0	0	0	0	0	0	0	0	0	0	0	0	0	0	0	0	0	0	0	0	0	0	0	0	0	0	0	0	0	0	0	1	0	0	0	0	0	0	0	0
YPR145W	0	0	2	0	0	1	1	2	4	1	2	1	1	1	1	1	1	1	0	8	2	5	8	2	9	5	7	45	12	71	42	82	149	52	166	168	43	268	192	30	177	40	16	25	11	1	5	3
YGL201C	0	0	0	0	0	0	0	0	0	0	0	0	0	0	0	0	0	0	0	0	0	0	0	0	0	0	0	0	0	1	1	1	3	0	1	0	0	0	2	0	1	0	0	0	0	0	0	0
YDR099W	1	2	1	0	0	2	0	3	0	0	6	3	3	1	4	0	0	0	3	3	0	3	6	2	0	4	6	10	4	21	33	25	59	49	71	82	15	37	55	1	50	21	7	14	3	0	5	1
YGR256W	0	0	0	0	0	1	0	0	0	0	0	0	0	0	2	0	0	0	0	0	0	0	0	0	0	0	1	0	0	0	0	0	7	0	0	10	0	0	8	0	0	0	0	0	0	0	0	0
YBL027W	6	2	13	11	15	9	8	21	20	11	14	23	14	15	13	29	9	14	29	13	55	47	40	39	222	90	94	559	148	647	828	829	1658	981	1346	1946	752	1708	1991	509	1024	384	387	248	90	43	7	23
YKL096W-A	0	3	0	0	2	0	0	4	0	0	0	0	0	2	0	0	1	0	0	0	0	0	0	0	0	0	0	0	0	0	0	0	0	0	0	0	0	0	1	0	0	0	0	0	0	0	0	0
YFL010C	0	0	0	0	0	0	0	0	0	0	0	0	0	0	0	0	0	0	0	0	0	0	0	0	0	0	0	0	0	0	0	0	0	0	4	0	0	6	0	0	12	0	0	0	0	0	0	0
YNL019C	0	0	0	0	0	0	0	0	0	0	0	0	0	0	0	0	0	0	0	0	0	0	0	0	0	0	0	1	0	3	1	0	2	0	4	3	1	3	1	0	1	0	0	0	0	0	0	0
YKL020C	0	0	0	0	0	0	0	0	0	0	2	0	0	0	0	0	0	0	0	0	0	0	0	0	0	0	0	0	0	0	0	0	0	0	0	0	0	0	0	0	0	0	0	0	0	0	0	0
YLR154C-G	0	0	0	0	0	0	0	0	0	0	0	0	0	2	0	0	0	0	0	1	0	1	15	3	13	6	7	1	5	0	4	6	2	4	2	0	3	0	1	0	3	1	2	2	0	2	0	0
YOR309C	0	0	2	0	0	0	0	0	0	0	0	0	0	0	0	0	0	0	0	0	3	0	0	0	0	1	1	0	2	2	0	1	0	0	0	6	0	0	0	1	0	0	0	0	0	0	0	0
YPL277C	1	0	0	0	0	0	0	0	0	0	0	0	0	0	0	0	0	0	0	0	0	0	0	0	0	0	0	1	0	0	1	1	1	2	3	0	0	1	6	1	3	2	0	0	3	0	0	0
YAL063C	0	0	0	0	0	0	0	0	0	0	0	0	0	0	0	0	0	0	0	0	0	0	0	0	0	0	0	0	0	0	1	1	0	1	2	2	0	2	1	3	5	4	1	3	0	0	0	0
YLR465C	0	0	0	0	0	0	0	0	0	0	0	0	0	0	0	0	0	0	0	0	0	0	0	0	0	0	0	0	0	0	0	0	0	0	0	0	0	0	0	0	1	0	0	0	0	0	0	0
YJL219W	0	0	0	0	0	0	0	0	0	0	0	0	0	0	0	0	0	0	0	0	0	0	0	0	0	0	0	0	0	0	0	0	0	1	1	2	0	1	0	0	1	0	0	0	0	0	0	0
YDL246C	0	0	0	0	0	0	0	0	0	0	0	0	0	0	0	0	0	0	0	0	0	2	0	0	1	3	0	2	1	0	1	3	0	3	1	2	2	2	2	0	6	1	0	1	0	0	2	0
YDR033W	0	0	1	0	0	2	3	0	1	0	0	0	0	1	0	1	0	1	0	0	0	1	0	0	0	0	0	1	0	0	0	0	3	3	0	11	4	0	3	6	0	1	3	0	0	0	0	0
YER081W	0	0	0	0	0	0	0	0	0	0	0	1	0	2	1	0	0	0	0	1	3	1	1	3	0	3	0	2	1	11	2	6	7	9	6	18	4	10	18	4	17	1	9	4	0	1	0	1
YLR278C	0	0	0	0	0	0	0	1	0	0	0	0	0	0	0	0	0	0	0	0	0	0	0	0	0	0	0	0	0	0	0	0	0	0	0	0	0	0	0	0	0	1	0	0	0	0	0	0
YER070W	0	0	0	0	0	0	0	0	0	0	0	0	0	0	0	0	0	0	0	0	0	1	0	0	0	0	0	0	0	1	4	0	1	0	1	3	5	2	1	2	0	0	0	0	0	0	0	0
YPL036W	5	1	0	2	5	3	1	6	8	0	9	1	4	1	2	3	0	2	7	7	0	6	8	2	11	7	13	40	12	52	71	50	94	134	106	127	90	179	159	84	144	45	60	15	8	5	1	5
YCL069W	0	0	0	0	0	0	0	0	0	0	0	0	0	0	0	0	0	0	0	0	0	0	0	0	0	0	0	0	0	0	0	0	0	0	1	1	0	0	0	0	0	0	0	1	0	0	0	0
YDR450W	9	19	11	7	16	16	17	14	15	4	34	21	13	35	13	12	15	8	27	27	24	30	59	31	143	74	65	394	130	370	627	753	1126	843	1285	1399	480	1447	1341	363	1360	369	195	180	70	34	12	31
YNL294C	0	0	1	0	0	0	0	0	0	0	0	0	0	0	0	0	0	0	0	0	0	0	0	0	0	0	0	0	0	0	0	0	0	0	0	0	0	0	0	0	0	0	0	0	0	0	0	0
YJL113W	1	0	0	0	0	0	0	0	0	0	0	0	0	0	0	0	0	0	0	0	0	0	0	0	0	0	0	1	2	0	1	3	4	2	1	2	1	1	0	0	5	1	1	0	1	0	0	0
YGL028C	0	0	0	0	0	0	0	0	0	0	0	0	0	0	0	2	0	0	0	0	0	0	0	0	0	0	0	0	0	0	0	0	2	0	0	0	0	0	0	0	0	0	0	0	0	0	0	0
YJL114W	0	0	0	0	0	0	0	0	0	0	0	0	0	0	0	0	0	0	0	0	0	0	0	0	0	0	1	0	0	0	0	1	1	1	0	0	0	1	2	0	2	0	0	1	1	0	0	0
YGL227W	0	0	0	0	0	0	0	0	1	0	0	0	0	0	0	0	0	0	0	0	0	0	0	0	0	0	0	0	0	0	0	3	0	0	2	0	0	0	0	0	0	0	0	0	1	0	0	0
YIL018W	25	21	29	33	31	54	25	59	56	27	73	68	32	79	29	44	72	37	53	64	84	119	127	104	389	178	201	1346	377	1366	2298	2202	4134	3167	5607	6175	2176	6718	6405	1905	6733	1399	1693	1274	336	318	165	202
YIL074C	0	0	0	0	0	0	0	0	0	0	0	1	0	2	1	0	0	0	0	1	3	1	1	3	0	3	0	2	1	11	2	6	7	9	6	18	4	10	18	4	17	1	9	4	0	1	0	1
YKR045C	0	0	0	0	0	0	0	0	0	0	0	0	0	0	0	0	0	0	0	0	0	0	0	0	0	0	0	0	0	0	0	0	0	0	3	0	0	0	0	0	0	0	0	0	0	0	0	0
YOL144W	0	0	0	0	1	0	0	0	0	0	0	0	0	0	0	0	0	0	0	0	0	0	0	0	0	0	0	0	0	0	0	0	0	1	0	0	0	0	0	0	0	0	0	0	0	0	0	0
YNR075W	0	0	0	0	0	0	0	0	0	0	0	0	0	0	0	0	0	0	0	0	0	0	0	0	0	0	0	0	0	0	0	0	0	0	0	0	0	0	1	0	0	0	0	0	0	0	0	0
YDR073W	0	0	0	0	0	0	0	0	0	0	0	0	0	0	0	0	0	0	0	0	0	0	0	0	0	0	0	0	0	0	0	0	0	0	4	0	0	2	2	0	2	0	0	0	0	0	0	0
YOL156W	0	0	0	0	0	0	0	0	0	0	0	0	0	0	0	0	0	0	0	0	0	0	0	0	0	0	0	0	0	0	1	0	0	1	1	2	0	2	0	0	1	0	0	0	0	0	0	0
YJR030C	0	0	0	0	0	0	0	0	0	0	0	0	0	0	0	0	0	0	0	0	0	0	0	0	0	0	0	0	0	0	0	0	0	0	0	1	0	0	0	0	0	0	0	0	0	0	0	0
YDR299W	0	0	0	0	0	1	0	0	0	0	0	0	0	0	0	0	0	0	0	0	1	0	0	0	0	0	0	0	1	0	0	0	0	0	0	0	0	0	0	0	0	0	0	0	0	0	0	0
YBR297W	0	0	0	0	0	0	0	0	0	0	0	0	0	0	0	0	0	0	0	0	0	0	0	0	0	0	0	0	2	0	1	2	0	0	0	3	0	1	1	1	2	0	0	0	0	0	0	0
YDR278C	29	3	8	7	3	36	2	25	8	18	3	2	5	1	23	4	17	8	15	10	5	15	10	23	18	65	47	83	102	34	127	156	336	89	1800	449	784	1991	23	1698	618	205	259	186	528	86	155	66
YKL156W	1	2	0	1	0	1	0	2	0	0	0	0	0	0	0	0	0	0	0	0	0	0	0	1	0	0	0	0	0	0	0	0	0	0	0	0	0	0	0	0	0	0	0	0	0	0	0	0
YBR202W	0	0	0	0	0	0	0	0	0	0	0	0	0	0	0	0	0	0	0	0	0	0	0	0	0	0	0	0	0	1	1	1	3	0	1	0	0	0	2	0	1	0	0	0	0	0	0	0
YCR039C	0	0	0	0	0	0	0	0	0	1	0	0	0	0	0	0	0	0	0	0	0	0	1	1	1	4	0	4	3	2	20	9	2	10	15	13	3	12	19	3	11	17	3	5	3	1	5	0
YGR118W	14	9	20	15	18	22	19	23	25	28	34	24	16	31	8	25	22	29	61	40	57	54	64	46	221	71	79	658	127	472	1223	876	1193	1860	1886	1763	1058	2471	2286	692	2160	580	575	335	97	78	32	34
YML085C	0	0	0	0	2	0	0	0	0	0	0	0	0	0	0	0	0	0	0	0	0	0	1	0	0	0	0	0	0	2	0	5	2	2	2	0	0	0	0	0	0	0	0	0	0	0	0	0
YDL184C	18	13	14	30	10	19	30	13	28	38	19	35	51	26	28	53	50	42	123	65	84	198	114	102	604	154	201	1224	265	1468	2160	1634	2951	2469	2482	3617	2330	3051	3134	2405	2440	550	1002	383	193	99	14	49
YLR175W	1	0	0	0	0	0	0	0	0	0	0	0	0	0	0	0	0	0	1	0	0	0	0	0	1	0	1	2	0	2	0	0	1	6	0	0	0	0	0	0	1	0	0	0	0	0	0	0
YOL120C	8	15	24	12	10	20	15	17	15	22	18	10	22	24	24	38	18	28	73	29	38	85	42	61	234	76	101	942	118	532	1188	730	2085	1450	1677	2619	1600	2109	1247	1393	1589	438	463	350	152	95	29	37
YOR133W	71	78	82	87	162	89	104	171	152	91	236	149	134	299	91	180	169	128	253	278	296	438	556	328	1584	716	661	4205	1306	4650	7780	8345	12387	12026	19334	18617	7556	26147	21755	6704	25594	5272	5694	5178	1021	942	598	409
YGR279C	0	0	0	0	0	0	0	0	0	0	0	0	0	0	0	0	0	0	0	0	0	0	0	2	0	1	1	1	1	1	0	1	17	0	6	3	0	0	0	0	0	1	0	0	1	0	0	0
YMR143W	9	6	5	3	6	6	4	3	3	5	7	10	4	5	3	7	4	5	15	4	4	8	18	21	24	16	25	95	22	157	141	66	436	300	212	520	239	130	681	144	124	192	110	56	33	30	8	67
YML028W	0	0	1	0	0	0	0	0	0	0	0	0	0	0	0	0	0	0	0	0	0	0	0	0	0	0	0	0	0	0	0	0	0	0	0	0	0	0	0	0	0	0	0	0	0	0	0	0
YAL054C	0	0	0	0	0	0	0	0	0	0	0	0	0	0	0	0	0	0	0	0	0	0	0	1	0	0	0	0	0	0	0	0	0	0	0	0	0	0	0	0	0	0	0	0	0	0	0	0
YOR192C	0	0	0	0	0	0	0	0	0	0	0	0	0	0	0	0	0	0	0	0	0	0	0	0	0	0	1	0	1	0	0	0	2	0	0	0	0	1	0	0	5	1	0	0	0	0	1	0
YAL068W-A	0	0	0	0	0	0	0	0	0	0	0	0	0	0	0	0	0	0	0	0	0	0	0	0	0	0	0	0	0	0	0	0	0	0	0	0	0	0	0	1	0	0	0	0	0	0	0	0
YMR043W	0	0	0	0	0	0	0	0	0	0	0	0	0	0	0	0	0	0	0	0	0	0	0	0	0	0	0	0	0	2	0	0	2	0	0	0	0	0	3	0	0	0	0	0	0	0	0	1
YMR251W-A	1	0	0	0	0	0	0	0	0	0	0	0	0	0	0	0	0	0	0	0	0	0	0	0	0	0	0	0	0	0	0	0	0	0	0	0	0	0	0	0	0	0	0	0	0	0	0	0
YGR295C	0	1	0	2	1	1	0	1	0	0	1	1	0	1	0	2	0	3	0	4	2	2	0	1	5	4	6	11	3	25	32	33	44	37	56	87	26	73	76	30	59	29	26	12	11	3	0	5
YER103W	0	0	0	0	0	0	0	0	0	0	0	0	0	0	0	0	0	0	0	0	0	0	0	1	0	0	0	0	0	4	0	0	1	0	0	0	0	0	4	0	0	0	0	0	0	0	0	0
YFL060C	0	0	0	0	0	0	0	0	0	0	0	0	0	0	0	0	0	0	0	0	0	0	0	0	0	0	0	1	0	3	1	4	6	1	6	5	5	8	3	0	3	2	1	1	0	1	0	0
YGL122C	0	0	0	0	0	8	0	7	16	0	8	0	0	0	0	0	0	0	0	0	0	0	14	0	14	0	7	0	7	35	0	42	76	70	73	120	85	169	199	123	59	32	108	20	14	18	0	12
YHR141C	17	17	14	18	22	13	14	28	21	13	27	39	22	40	17	29	28	30	52	57	49	76	91	50	248	115	118	665	264	628	1324	1240	1808	1668	2693	2772	1274	3558	2713	1104	2810	820	988	563	163	163	59	127
YEL073C	0	0	0	0	0	0	0	0	0	0	0	0	0	0	0	0	0	0	0	0	0	0	0	0	0	0	0	1	0	0	0	0	0	0	0	0	0	0	0	0	0	0	0	0	0	0	0	0
YKL006W	9	11	20	16	17	24	16	27	31	17	37	39	33	26	15	35	20	23	39	35	37	84	60	61	215	97	125	538	193	898	1187	1153	2225	1716	2086	3492	1345	2784	3446	1449	2434	788	1139	551	157	188	55	60
YGL147C	5	19	10	12	24	13	21	24	12	15	39	8	12	43	3	21	26	18	30	35	31	57	59	42	186	78	61	498	155	360	941	917	869	1481	2101	1545	628	3209	1473	516	3059	277	391	502	87	44	78	39
YLR153C	0	0	0	0	0	0	0	0	0	0	0	0	0	0	0	0	0	0	0	0	0	0	0	1	0	0	0	0	0	0	0	0	0	0	0	0	0	0	0	0	0	0	0	0	0	0	0	0
YMR305C	0	0	0	0	0	0	0	0	0	0	0	0	0	0	0	0	0	0	0	0	0	0	0	2	0	1	1	1	1	1	0	1	17	0	6	3	0	0	0	0	0	1	0	0	1	0	0	0
YCL028W	0	0	0	1	0	0	0	0	0	0	0	0	0	0	0	0	0	0	0	0	0	0	0	0	0	0	0	0	0	0	0	0	0	0	0	0	0	0	0	0	0	0	0	0	0	0	0	0
YBR150C	0	0	0	0	0	0	0	0	0	0	0	0	0	0	0	0	4	0	0	0	0	0	13	0	0	0	0	0	0	24	0	15	24	0	39	3	0	2	4	0	14	2	11	0	36	0	0	22
YDL136W	17	21	14	22	28	18	27	28	27	18	30	33	32	37	21	32	44	27	42	64	52	98	106	73	320	164	147	1046	248	819	1640	1540	2257	2330	3730	3337	1740	4953	2973	1619	3718	771	1234	637	159	231	53	90
YBR191W	7	7	21	15	25	13	23	19	12	15	23	21	19	39	16	18	31	8	27	45	25	36	52	38	109	60	60	357	124	527	494	833	1217	1032	2072	1392	738	2046	1683	481	2174	478	391	407	57	74	19	28
YDL173W	0	0	0	1	0	0	0	0	0	0	0	0	0	0	0	0	0	0	0	0	0	0	0	0	0	0	0	0	0	0	0	0	0	0	0	0	0	0	0	0	0	0	0	0	0	0	0	0
YJR047C	4	5	3	2	1	5	3	9	2	1	11	2	3	6	5	10	9	2	6	9	9	12	24	18	32	16	11	83	28	64	157	210	162	273	395	197	195	664	215	123	428	66	109	99	9	10	13	1
YMR006C	0	0	0	0	0	0	0	0	0	0	0	0	0	2	0	0	0	0	0	0	0	0	0	0	1	0	2	0	3	0	1	1	2	0	1	1	0	2	5	1	0	3	0	0	0	0	0	0
YHR112C	1	0	0	0	0	0	0	0	0	0	0	0	0	0	0	0	0	0	0	0	0	0	0	0	0	0	0	0	0	0	0	0	0	0	0	0	0	0	0	0	0	0	0	0	0	0	0	0
YKR105C	0	0	0	0	0	0	0	0	0	0	0	0	0	0	0	0	0	0	0	0	0	0	0	0	0	0	0	0	0	0	0	0	0	0	1	1	0	0	0	0	0	0	0	1	0	0	0	0
YGL053W	0	0	0	0	0	0	0	0	0	0	0	0	0	1	0	0	0	1	0	0	0	0	0	0	1	0	0	5	1	2	4	5	12	8	8	12	2	13	10	2	12	3	5	4	0	3	1	1
YFL050C	0	0	0	0	0	0	0	0	0	0	0	0	0	0	0	0	0	0	0	0	0	0	0	0	1	1	0	0	0	0	1	0	0	0	0	2	0	3	0	0	3	0	1	0	0	0	0	1
YLR029C	6	16	20	11	15	19	17	30	19	14	15	31	11	19	13	11	22	19	37	29	24	51	56	36	192	85	78	498	134	416	915	806	1333	1119	1883	1828	809	2637	1578	788	1650	396	474	409	66	53	41	41
YIL172C	0	0	0	0	0	0	0	0	0	0	0	0	0	0	0	0	0	0	0	0	0	0	0	0	0	2	0	1	1	2	1	2	4	8	7	6	1	8	5	0	10	4	1	1	0	2	0	0
YFL063W	0	0	0	0	0	0	0	0	0	0	0	0	0	0	0	0	0	0	0	0	0	0	0	0	0	0	0	0	0	0	0	0	0	0	0	0	0	0	0	1	0	0	0	0	0	0	0	0
YEL049W	0	0	0	0	1	0	0	0	0	0	0	0	1	0	0	0	0	0	0	0	0	0	0	0	0	0	0	1	0	0	1	0	0	0	0	0	0	1	1	1	1	0	0	0	0	0	0	0
YEL017C-A	0	1	2	1	3	4	4	5	0	4	2	1	0	0	3	1	4	0	2	3	0	2	4	5	8	10	4	63	5	6	42	32	82	34	89	53	47	41	30	13	39	18	5	12	0	2	0	0
YIL133C	1	0	6	3	1	2	5	0	1	2	0	2	1	2	0	1	2	4	1	0	1	3	4	2	1	1	0	14	0	1	0	1	2	0	0	8	2	1	2	0	0	4	0	0	1	0	0	0
YOR391C	0	0	0	0	0	0	0	0	0	0	0	0	0	0	0	0	0	0	0	0	0	0	0	0	0	0	0	0	0	0	0	0	0	0	0	0	2	1	0	0	0	0	0	0	0	0	0	0
YDL245C	0	0	0	0	0	0	0	0	0	0	0	0	0	0	0	0	0	0	0	0	0	0	0	0	0	0	0	0	0	1	0	0	0	0	0	0	0	0	0	0	0	0	0	0	0	0	0	0
YIL069C	14	14	14	19	42	14	26	34	22	12	31	31	16	48	8	35	23	14	46	39	47	73	83	76	268	123	122	671	188	828	1078	1284	2109	1642	2707	2995	1151	3065	3250	928	3010	659	760	650	139	109	51	44
YBR054W	0	0	1	0	0	2	3	0	1	0	0	0	0	1	0	1	0	1	0	0	0	1	0	0	0	0	0	1	0	0	0	0	3	3	0	11	4	0	3	6	0	1	3	0	0	0	0	0
YIL052C	4	4	8	6	13	12	6	11	7	7	23	7	7	19	7	23	16	7	14	16	15	50	44	21	150	44	19	286	72	256	565	293	808	707	722	1023	523	861	952	327	904	224	311	224	16	79	8	8
YEL007W	0	0	0	0	0	0	0	0	0	0	0	0	0	0	0	0	0	0	0	0	0	0	0	0	0	0	0	1	0	0	0	0	0	0	0	0	0	0	0	0	0	0	0	0	0	0	0	0
YNL067W	5	19	10	12	24	13	21	24	12	15	39	8	12	43	3	21	26	18	30	35	31	57	59	42	187	74	64	504	154	355	938	919	870	1482	2107	1538	630	3210	1470	517	3058	277	391	502	87	44	78	39
YKR057W	8	3	4	4	8	4	0	4	2	1	4	5	5	7	2	7	4	0	10	5	4	7	7	3	19	16	4	91	26	49	44	157	154	107	433	203	96	361	201	37	130	64	19	55	8	1	0	2
YLR061W	1	1	1	0	1	0	0	2	0	0	1	3	0	1	1	0	1	0	0	0	3	0	0	2	0	0	0	0	0	0	0	0	0	0	0	0	1	0	0	0	0	0	0	0	0	0	0	0
YLR237W	0	0	0	0	0	0	0	0	0	0	0	0	0	0	0	0	0	0	0	0	0	0	0	0	0	0	1	0	1	0	0	0	0	0	0	0	0	1	0	0	5	1	0	0	0	0	0	0
YHR214W-A	0	0	0	0	0	0	0	0	0	0	0	0	0	0	0	0	0	0	0	0	0	0	0	0	0	0	0	0	0	0	0	1	2	0	0	2	2	4	1	0	0	1	1	0	0	0	0	0
YMR074C	0	0	2	0	0	0	0	0	0	0	0	0	0	0	0	0	0	0	0	0	0	0	0	0	0	0	0	0	0	0	0	0	0	0	0	0	0	0	0	0	0	0	0	0	0	0	0	0
YNL069C	1	0	8	3	1	2	5	0	1	2	0	2	1	2	0	1	2	4	1	0	1	3	4	2	1	1	0	14	0	1	0	1	2	0	0	8	2	1	2	0	0	4	0	0	1	0	0	0
YBL108C-A	0	0	0	0	0	0	0	0	0	0	0	0	1	0	0	0	0	0	0	0	0	0	0	0	0	0	0	0	0	0	1	0	0	0	0	0	0	0	0	0	2	0	0	0	0	0	0	0
YNR052C	0	0	0	0	0	0	0	0	0	0	0	0	0	0	0	0	0	0	0	0	0	0	0	0	0	0	0	0	1	0	0	0	0	0	3	3	0	2	3	0	2	0	1	0	0	0	1	2
YDR312W	0	0	0	0	0	1	2	1	1	5	0	2	0	1	0	0	0	0	1	0	0	1	0	3	6	0	0	11	3	16	16	14	43	24	29	50	11	27	26	11	28	11	11	3	3	0	1	4
YOR274W	1	0	0	0	0	0	0	0	0	0	0	0	0	0	0	0	0	0	0	0	0	0	0	0	0	0	0	0	0	0	0	0	0	0	0	0	0	0	0	0	0	0	0	0	0	0	0	0
YPL184C	0	0	0	0	0	0	0	0	0	0	0	0	0	0	0	0	0	0	0	0	0	0	0	0	0	0	0	0	0	2	0	0	0	0	0	0	0	0	0	0	0	0	0	0	0	0	0	0
YJL168C	0	1	0	0	0	0	0	0	0	0	0	0	0	0	0	0	0	0	0	0	0	0	0	0	0	0	0	0	0	0	0	0	0	0	0	0	0	0	0	0	0	0	0	0	0	0	0	0
YDR145W	0	0	2	0	0	0	0	0	0	0	0	1	0	0	0	0	0	0	0	0	0	0	0	0	0	2	0	0	0	1	1	3	4	0	7	4	0	1	2	1	5	1	1	0	0	0	0	1
YFL009W	0	0	0	0	0	0	0	0	0	0	0	1	0	0	0	0	0	0	0	0	0	1	0	1	3	1	0	4	1	2	5	10	13	10	21	19	6	32	33	4	25	3	5	5	0	1	0	3
YNL208W	0	0	0	0	0	2	0	0	0	0	0	0	0	0	0	0	0	0	0	0	0	0	0	4	12	0	0	12	0	0	0	0	0	0	0	0	0	0	2	0	0	4	0	0	0	0	0	0
YCR097W-A	0	0	0	0	0	0	0	0	0	0	0	0	0	0	0	0	0	0	0	0	0	1	0	0	0	0	0	0	0	0	0	0	0	0	0	0	1	0	1	0	2	0	0	0	1	0	0	0
YHR203C	41	29	46	36	55	56	39	75	80	41	109	66	54	116	43	76	86	65	95	97	99	165	202	171	558	279	308	1608	544	1648	2640	2882	5089	4196	7164	7715	3273	8981	7907	2731	7823	2258	2307	1831	530	439	159	377
YHR214C-B	32	50	62	54	60	73	67	71	99	56	106	121	63	107	72	119	78	87	108	119	186	236	226	254	666	338	433	1727	680	2442	3554	3403	6907	5588	8109	12016	5121	11827	11682	5096	9952	3349	3808	2286	961	755	305	443
YEL039C	0	0	0	0	0	0	0	0	0	0	0	0	0	0	0	0	0	0	0	0	2	0	0	0	0	0	0	0	0	0	0	0	0	1	2	0	0	1	4	0	0	0	0	1	0	0	0	0
YPL060C-A	1	0	0	0	0	0	0	0	0	0	0	0	0	0	0	0	0	0	0	0	0	0	0	0	0	0	1	1	2	1	1	4	5	3	4	3	2	5	3	0	8	2	3	1	3	0	0	0
YGL062W	0	2	1	0	4	1	0	0	1	0	5	1	3	4	4	2	2	1	4	4	2	4	5	4	11	5	11	29	11	60	73	74	178	79	197	226	89	221	221	50	234	43	38	49	12	10	6	3
YLR461W	0	0	0	0	0	0	0	0	0	0	0	0	1	0	0	0	0	0	0	0	0	0	0	0	0	0	0	0	0	0	1	0	0	0	0	0	0	0	0	0	1	0	0	0	0	0	0	0
YIL082W	0	0	0	0	0	0	0	0	0	0	0	0	0	0	0	0	0	0	1	0	0	0	0	0	0	0	0	0	0	0	2	0	6	1	4	4	1	1	5	0	1	1	0	1	0	1	0	0
YGR010W	0	0	0	0	0	0	0	0	0	0	0	0	0	0	0	1	0	0	0	0	0	0	0	0	0	0	0	0	0	0	0	0	0	0	0	0	0	0	0	0	0	0	0	0	0	0	0	0
YNL186W	0	0	0	0	0	0	0	0	0	0	2	0	0	0	0	0	0	0	0	0	0	0	0	0	0	0	0	0	0	4	0	0	4	0	0	0	0	0	0	0	0	0	0	0	0	0	0	0
YAR031W	0	0	0	0	0	0	0	0	0	0	0	0	0	0	0	0	0	1	0	0	0	0	0	0	1	0	0	5	1	2	4	4	9	8	8	8	1	10	9	1	11	3	5	3	0	3	1	1
YDR077W	0	0	16	12	4	4	14	2	10	4	2	10	12	12	4	20	8	12	20	2	28	24	40	28	106	24	24	148	56	256	350	286	554	736	684	940	440	1172	802	380	1028	176	358	178	68	58	8	16
YIL115C	0	0	0	0	0	0	0	0	0	0	0	0	0	0	0	2	0	0	0	0	0	2	0	0	2	0	0	0	0	0	0	4	8	8	4	20	2	12	10	4	10	6	6	0	0	0	2	0
YBR189W	9	10	11	2	9	12	7	15	17	5	16	13	8	17	4	13	17	16	18	20	16	27	33	33	89	53	55	196	81	285	376	455	854	584	948	1057	342	896	1044	272	833	211	234	105	35	15	4	13
YHR214C-C	28	43	56	45	47	62	61	52	77	43	88	100	54	86	52	102	67	70	87	104	160	198	187	210	558	270	357	1431	565	1962	2977	2820	5692	4593	6729	10116	4331	10124	9740	4343	8468	2853	3210	1991	839	687	270	398
YHL020C	0	0	0	0	0	0	0	0	0	0	0	0	0	0	0	0	0	0	0	0	0	0	0	0	0	0	0	0	0	0	0	2	0	0	0	0	0	0	0	0	0	0	0	0	0	0	0	0
YHR214C-E	0	0	0	0	0	0	0	0	0	0	0	0	0	0	0	0	0	0	0	0	0	0	0	0	0	0	0	0	0	0	0	0	0	0	0	0	1	0	0	1	0	0	0	0	0	0	0	0
YIL009W	0	0	0	0	0	0	0	0	0	0	0	0	0	0	0	0	0	0	0	0	0	0	0	0	1	0	1	0	1	0	2	0	1	3	1	2	0	3	3	0	3	4	0	1	0	0	0	0
YDR289C	0	0	0	0	0	0	0	0	0	0	0	0	0	0	0	0	2	0	0	0	0	0	2	0	0	0	0	0	0	2	0	4	3	0	3	3	0	1	3	0	2	0	0	0	0	0	0	0
YNL190W	0	0	0	3	3	2	0	0	0	0	11	4	0	2	0	0	10	4	5	0	2	2	8	2	29	19	0	70	12	38	153	83	95	197	265	175	81	453	216	68	480	46	62	106	14	12	14	4
YPL089C	0	0	0	0	0	0	0	0	0	0	0	0	0	0	2	0	0	0	0	0	0	0	0	0	0	0	0	0	0	0	0	0	0	0	0	0	0	0	0	0	0	0	0	0	0	0	0	0
YBR016W	0	0	0	0	0	0	0	0	0	0	0	0	0	0	0	0	0	0	0	0	0	0	0	0	0	0	0	0	0	0	0	0	0	0	0	0	0	0	2	0	0	0	0	0	0	0	0	0
YJR090C	0	0	0	0	0	0	0	0	0	0	0	0	0	0	0	0	0	0	0	0	0	0	0	0	0	0	0	0	0	0	0	1	0	0	1	0	0	0	0	0	0	0	0	0	0	0	0	0
YGR032W	0	0	0	0	1	0	1	0	0	0	0	0	0	0	0	0	0	0	0	0	0	0	0	0	0	0	0	1	0	0	0	1	3	1	1	1	0	0	2	0	2	0	0	0	0	0	0	0
YJR145C	41	29	46	36	55	56	39	75	80	41	109	66	54	116	43	76	86	65	95	97	99	165	202	171	558	279	308	1608	544	1648	2640	2882	5089	4196	7164	7715	3273	8981	7907	2731	7823	2258	2307	1831	530	439	159	377
YLR342W	0	0	0	0	1	0	1	0	0	0	0	0	0	0	0	0	0	0	0	0	0	0	0	0	0	0	0	1	0	0	0	1	3	1	1	1	0	0	2	0	2	0	0	0	0	0	0	0
YML026C	9	19	11	7	16	16	17	14	15	4	34	21	13	35	13	12	15	8	27	27	24	29	59	32	143	74	65	396	127	371	660	756	1090	892	1286	1349	496	1413	1359	367	1348	377	202	171	72	33	13	31
YLR115W	0	0	0	0	0	0	0	0	0	0	0	0	0	0	0	0	0	2	0	0	0	0	0	0	0	0	0	0	0	0	0	0	0	0	0	0	0	0	0	0	0	0	0	0	0	0	0	0
YJR075W	0	0	1	0	0	0	0	0	0	0	0	0	0	0	0	0	0	0	0	0	0	0	0	0	0	0	0	0	0	0	0	0	0	0	0	0	0	0	0	0	0	0	0	0	0	0	0	0
YGR027C	6	5	1	9	2	4	2	4	0	1	5	2	5	4	2	0	2	1	1	3	2	7	6	1	14	7	0	28	5	12	16	20	35	46	59	66	81	38	83	1	57	26	0	12	0	0	0	0
YJR127C	0	0	0	0	0	0	0	0	0	0	0	1	0	0	0	0	0	0	0	0	0	0	0	0	0	0	0	0	0	0	0	0	2	0	0	0	0	0	0	0	0	0	0	0	0	0	0	0
YDR034C-A	0	0	0	0	0	0	0	0	0	0	0	0	0	0	0	0	0	0	0	0	0	0	0	0	0	0	0	0	0	0	0	0	0	3	2	0	1	0	1	0	0	2	0	0	0	0	0	0
YOL106W	0	0	0	0	0	0	0	0	0	0	0	0	0	0	0	0	0	0	0	0	0	0	0	0	0	1	0	0	0	0	0	0	0	0	0	0	0	0	0	0	0	0	0	0	0	0	0	0
YPL280W	0	0	0	0	0	0	0	0	0	0	0	0	0	0	0	0	0	0	0	0	0	0	0	0	0	0	0	0	0	0	0	0	0	0	0	0	2	1	0	0	0	0	0	0	0	0	0	0
YHR180W-A	0	0	7	0	0	0	1	0	4	0	1	3	0	3	0	1	1	0	0	0	1	1	5	0	0	17	1	0	188	8	1	501	0	10	31	0	0	1	0	0	1	0	0	0	0	0	0	0
YNR044W	0	0	0	0	0	0	0	0	0	0	0	0	0	0	0	0	0	0	0	0	0	0	0	0	0	0	0	4	0	2	6	0	0	0	0	6	4	0	12	2	2	0	8	0	0	0	0	0
YER177W	1	2	2	0	0	2	0	4	0	0	6	3	3	0	2	0	0	0	3	2	0	3	6	2	0	4	5	10	2	18	33	18	51	47	59	68	14	29	36	1	30	19	6	8	2	0	1	0
YBR244W	0	0	0	0	0	0	1	0	0	0	0	0	0	0	0	0	0	0	0	0	0	0	0	0	0	0	0	0	0	0	0	0	0	0	0	0	0	0	0	0	0	0	0	0	0	0	0	0
YDR500C	4	0	6	0	5	10	3	11	8	3	7	15	3	6	8	5	7	14	8	7	11	7	11	15	22	11	17	76	31	85	188	108	299	218	276	497	180	307	640	151	249	130	157	32	48	19	7	18
YMR246W	0	0	0	0	0	0	0	0	0	0	0	0	0	0	0	0	0	0	0	0	0	0	0	0	1	0	1	0	1	1	2	0	2	3	1	2	0	3	3	0	3	4	0	1	0	0	0	0
YGL081W	0	0	0	0	0	0	0	0	0	0	0	0	0	0	0	0	0	1	0	0	0	0	0	0	0	0	0	0	0	0	0	0	0	0	0	0	0	0	0	0	0	0	0	0	0	0	0	0
YBR031W	43	52	67	66	77	40	84	95	89	62	98	106	67	124	63	153	94	86	137	154	195	246	278	235	915	358	374	2372	755	2669	4506	4438	7496	6961	10133	12256	4483	13741	12786	4199	13508	2642	4071	2365	572	567	206	271
YLR448W	3	7	9	2	13	3	5	3	8	6	8	8	3	3	6	5	3	12	6	6	16	14	20	7	21	15	18	121	42	71	183	174	206	205	471	266	232	464	246	159	273	60	87	40	25	16	2	20
YGR103W	0	0	0	0	0	0	0	2	0	0	0	0	0	0	0	0	0	0	0	0	0	0	0	0	0	0	0	0	0	0	0	0	0	0	0	0	0	0	0	0	0	0	0	0	0	0	0	0
YLR037C	0	0	0	0	0	0	0	0	0	0	0	0	0	0	0	0	0	0	0	0	0	0	0	0	0	0	0	0	0	0	0	0	0	0	1	0	0	0	1	0	0	0	2	0	0	0	0	0
YIR033W	0	0	0	0	0	0	0	0	0	0	2	0	0	0	0	0	0	0	0	0	0	0	0	0	0	0	0	0	0	0	0	0	0	0	0	0	0	0	0	0	0	0	0	0	0	0	0	0
YLR157C	0	0	0	0	0	0	0	0	0	0	0	0	0	0	0	0	0	1	0	0	2	0	0	0	0	1	0	1	1	2	1	2	4	11	7	9	6	10	16	1	10	14	3	3	0	0	1	0
YBR009C	8	5	2	10	6	9	6	6	8	8	15	15	11	18	5	13	21	19	25	28	25	37	23	25	110	61	69	342	65	340	551	389	969	632	980	1068	507	942	907	372	979	261	269	195	44	47	11	17
YLR167W	9	20	11	24	26	23	14	22	16	10	21	50	11	28	11	30	13	17	23	23	32	23	38	24	148	66	36	303	66	315	413	501	1154	852	819	1338	408	1069	1529	351	1278	262	435	295	25	95	21	23
YLR293C	1	0	0	1	0	0	0	2	0	0	3	0	0	0	0	0	0	0	0	0	1	1	1	0	2	0	0	5	1	1	16	0	4	10	2	1	0	0	0	0	0	0	0	0	0	0	0	0
YMR318C	0	1	0	0	0	0	0	0	0	0	0	0	0	0	0	0	0	0	0	0	0	0	0	0	0	0	0	0	0	0	0	0	0	0	0	0	0	0	0	0	0	0	0	0	0	0	0	0
YOR372C	0	0	0	0	0	0	0	0	0	0	0	1	0	0	0	0	0	0	0	0	0	0	0	0	0	0	0	0	0	1	0	1	2	0	1	1	2	1	6	1	1	6	1	0	0	1	0	1
YDR432W	0	0	0	0	0	0	0	0	0	0	0	0	0	0	0	0	0	0	0	0	0	0	0	0	0	0	0	0	0	0	0	0	0	0	0	2	0	0	0	0	0	0	0	0	0	0	0	0
YPL229W	0	0	0	0	0	0	0	0	0	0	0	0	0	0	0	0	0	0	0	0	0	0	0	0	0	0	0	0	0	0	0	0	1	0	0	0	0	0	1	0	0	0	0	0	0	0	0	0
YIL082W-A	0	0	0	0	0	0	0	2	0	0	0	0	0	0	1	0	0	0	1	0	0	0	0	0	0	0	0	2	0	0	3	1	8	1	9	5	3	3	12	1	3	2	0	2	2	1	0	0
YJR159W	0	0	0	0	0	0	0	0	0	0	0	0	0	0	0	0	0	0	0	0	0	2	0	0	1	3	0	2	1	0	1	3	0	3	1	2	2	2	2	0	6	1	0	1	0	0	2	0
YLR388W	1	0	1	0	0	5	1	2	2	2	0	2	0	5	1	1	2	2	1	2	0	0	2	1	12	6	4	20	9	21	1	19	93	5	53	78	2	13	21	0	3	6	0	0	0	0	0	0
YHL015W	1	1	0	1	0	0	0	0	0	0	0	0	0	0	0	0	0	0	0	0	0	0	0	0	0	0	0	0	0	0	0	0	0	0	0	0	0	0	0	0	0	0	0	0	0	0	0	0
YKL182W	0	0	0	1	0	0	0	0	0	0	0	0	0	0	0	0	0	0	0	0	0	0	0	0	0	0	0	0	0	0	0	0	0	0	0	0	0	0	0	0	0	0	0	0	0	0	0	0
YDR445C	8	3	52	45	50	88	449	34	108	87	14	42	11	2	22	21	3	19	10	7	22	6	9	26	6	8	46	31	12	23	150	318	19	1978	256	21	1126	73	73	208	47	78	54	73	255	7	209	44
YJL191W	3	16	5	9	18	4	9	4	11	8	17	11	15	13	3	20	5	15	23	17	18	35	32	23	94	37	31	290	99	241	416	485	566	538	1096	906	383	1328	962	261	1050	167	198	231	36	32	21	6
YLR055C	0	0	0	0	0	0	0	0	0	0	0	0	0	0	0	0	0	0	0	0	0	0	0	0	0	1	0	3	0	2	0	0	0	0	1	0	0	0	0	0	0	0	0	0	0	0	0	0
YFL020C	0	0	0	0	0	0	0	0	0	0	0	0	0	0	0	0	0	0	0	0	0	0	0	0	0	0	0	0	0	0	1	0	0	0	0	0	0	2	0	0	0	0	0	0	0	1	0	0
YDL037C	0	0	0	0	0	0	0	0	0	0	0	0	0	0	0	0	0	0	0	0	0	0	0	0	0	0	0	0	0	0	0	0	0	0	0	0	10	0	0	0	0	0	0	0	0	0	0	0
YNR076W	0	0	0	0	0	0	0	0	0	0	0	0	1	0	0	0	0	0	0	0	0	0	0	0	0	0	0	1	0	0	0	0	0	0	0	0	0	1	1	1	1	0	0	0	0	0	0	0
YFR016C	0	0	0	0	0	0	0	0	0	0	0	0	0	0	0	0	0	4	0	0	0	0	0	0	0	0	2	2	0	9	8	7	9	6	5	6	0	10	4	3	12	2	2	0	0	0	0	0
YKL164C	9	13	3	0	30	19	15	21	18	15	19	13	4	13	12	11	26	12	19	41	30	32	34	43	101	48	60	231	82	500	286	611	850	650	1202	1574	505	1482	1416	573	1517	352	421	256	95	59	37	57
YIR043C	0	0	0	0	0	0	0	1	0	0	0	0	0	0	0	2	0	0	0	0	0	1	0	0	2	3	1	1	1	7	2	2	16	7	29	29	4	38	21	14	17	2	4	8	1	0	0	0
YHL033C	11	19	19	17	19	17	26	27	25	22	26	20	29	40	6	28	25	9	42	59	26	65	71	32	172	87	69	482	131	383	862	891	1162	1388	2211	1860	1012	2769	1868	885	2404	416	617	468	139	116	39	106
YDL081C	0	2	0	0	2	1	0	12	1	0	0	0	0	1	0	0	2	0	1	0	0	0	0	0	0	0	0	0	0	3	0	0	3	0	0	2	0	1	2	0	0	0	0	0	0	0	0	0
YFL002C	0	0	0	0	0	1	0	0	0	0	0	0	0	0	0	0	0	0	0	0	0	0	0	0	0	0	0	0	0	0	0	0	0	0	0	0	0	0	0	0	0	0	0	0	0	0	0	0
YDR155C	0	0	0	0	1	0	0	0	0	1	0	1	0	0	0	0	1	0	0	0	0	0	0	0	0	0	0	0	0	0	0	0	2	0	0	11	0	0	2	0	0	2	0	0	0	0	1	0
YNL268W	0	0	0	0	0	0	0	0	0	0	0	0	0	0	0	0	0	0	0	1	0	0	0	0	0	0	0	1	0	0	1	0	2	0	4	0	0	0	1	0	3	0	0	1	1	1	0	1
YGL181W	0	0	0	0	0	0	0	0	0	0	0	0	0	0	0	0	0	0	0	0	0	0	0	0	0	0	0	0	0	0	0	0	0	0	3	0	0	0	0	0	0	1	0	0	0	0	0	0
YKL032C	0	0	0	0	0	0	0	0	0	0	0	0	0	0	1	0	0	0	0	0	0	0	2	0	0	0	0	0	0	0	0	0	4	0	1	1	0	0	2	0	0	1	0	0	0	0	0	0
YGL013C	0	0	0	0	0	0	0	0	0	0	1	0	0	0	0	0	0	0	0	0	0	0	0	0	0	0	0	0	0	0	0	0	0	0	0	0	0	0	0	0	0	0	0	0	0	0	0	0
YJR162C	0	0	0	0	0	0	0	0	0	0	0	0	0	0	0	0	0	0	0	0	0	0	0	0	0	0	0	0	0	0	0	0	0	0	0	0	0	0	0	2	0	0	0	0	0	0	0	0
YGL066W	0	0	0	0	0	0	0	0	0	0	0	0	0	0	0	0	0	0	0	0	1	0	0	0	0	0	0	0	0	0	0	0	0	0	0	0	0	0	0	0	0	0	0	0	0	0	0	0
YPL009C	0	0	0	0	1	0	0	0	0	0	0	0	0	0	1	0	0	1	0	0	1	0	1	0	0	0	0	0	1	35	0	1	28	0	1	2	0	1	41	0	3	10	5	0	0	5	0	4
YOR118W	0	0	0	1	0	0	0	0	0	0	0	0	0	0	0	0	0	0	0	0	0	0	0	0	0	0	0	0	0	0	0	0	0	0	0	0	0	0	0	0	0	0	0	0	0	0	0	0
YBR301W	0	0	0	0	0	0	0	0	0	0	0	0	0	0	0	0	0	0	0	0	0	0	0	0	0	0	0	1	0	0	0	0	0	0	0	1	0	1	1	1	3	2	0	0	0	0	0	0
YBR084C-A	6	2	13	11	15	9	8	21	20	11	14	23	14	15	13	29	9	14	29	13	55	47	40	39	222	90	94	559	149	646	829	830	1656	978	1349	1946	749	1711	1991	509	1022	386	387	248	90	43	7	23
YAR042W	0	0	0	0	0	0	0	0	0	0	0	0	0	0	0	0	0	0	0	0	0	0	0	0	0	0	0	0	0	0	0	0	0	0	0	1	0	0	0	0	0	0	0	0	0	0	0	0
YGL014W	0	0	0	0	0	0	0	0	0	0	0	0	0	0	0	0	0	0	0	0	0	0	0	0	0	0	0	0	0	0	0	0	0	0	0	0	0	0	0	0	0	1	0	0	0	0	0	0
YJL221C	0	0	0	0	0	0	0	0	0	0	0	0	0	0	0	0	0	0	0	0	0	0	0	0	0	2	0	1	1	2	1	2	4	8	7	6	1	8	5	0	10	4	1	1	0	2	0	0
YFL059W	0	0	0	0	0	0	0	0	0	0	0	0	0	0	0	1	0	0	0	0	0	0	2	0	2	0	1	5	0	4	6	6	8	6	8	14	5	18	11	4	22	3	8	0	0	0	0	0
YNL335W	0	0	0	0	0	0	0	0	0	0	0	0	0	0	0	0	0	0	0	0	0	0	0	0	0	0	0	0	0	1	0	0	0	0	2	0	0	0	0	0	1	0	1	0	0	0	0	0
YOR096W	9	3	0	8	4	1	8	7	6	6	13	3	9	7	6	6	8	6	14	16	3	24	23	18	45	20	39	184	37	194	290	153	677	337	407	920	385	446	672	320	411	161	177	62	15	45	7	14
YOR312C	12	9	15	15	19	6	21	14	17	10	12	15	11	41	8	20	19	11	29	17	42	49	51	29	134	67	52	353	94	349	548	672	945	1005	1181	1318	798	1603	1693	713	1849	416	627	242	118	110	40	23
YDR343C	3	0	1	0	0	3	0	5	2	0	1	5	4	1	0	2	1	2	1	1	2	5	5	2	14	6	4	36	6	25	60	30	125	72	121	179	84	174	98	52	129	28	24	33	12	5	4	2
YIL105C	0	0	0	0	0	0	0	0	0	0	0	1	0	0	0	0	0	0	0	0	0	0	0	0	0	1	0	0	0	0	0	5	5	0	4	1	0	0	2	1	5	1	1	0	0	0	0	1
YKL162C-A	0	0	0	0	0	0	0	0	2	0	0	0	0	0	0	0	0	0	0	0	0	0	0	0	0	0	1	0	0	0	0	0	0	0	0	0	0	0	0	0	0	0	0	0	0	0	0	0
YFR019W	0	0	0	0	0	0	0	0	0	0	0	0	0	0	0	0	0	0	0	0	0	0	0	0	0	0	0	0	0	0	0	0	0	0	0	0	0	0	0	0	0	0	0	0	0	0	0	4
YOL105C	0	0	0	0	0	0	0	0	0	0	0	0	0	0	0	0	0	0	0	0	0	0	0	0	0	0	0	0	0	2	0	0	0	0	0	0	0	0	0	0	0	0	0	0	0	0	0	0
YMR142C	7	10	6	3	16	17	18	16	20	10	12	17	8	20	11	18	8	22	26	23	26	20	46	31	98	47	46	312	52	360	297	347	834	728	907	878	350	1077	1102	271	1096	228	281	205	40	37	15	14
YMR203W	0	0	0	0	0	0	1	0	0	0	0	0	0	0	0	0	0	0	0	0	0	0	0	0	0	0	0	0	0	0	0	0	0	0	0	0	0	0	0	0	0	0	0	0	0	0	0	0
YBR212W	0	0	0	0	0	0	0	0	0	0	0	0	0	0	0	0	0	0	0	0	0	0	0	0	0	0	0	0	0	0	0	0	1	0	0	2	0	0	1	0	0	0	0	0	0	0	0	0
YBR112C	0	0	0	0	0	0	2	0	0	0	0	2	0	0	0	0	0	0	0	0	0	0	2	0	0	1	0	0	0	1	0	6	11	0	20	19	6	3	24	9	4	12	1	1	9	9	1	1
YDL182W	3	5	3	1	8	2	3	4	5	2	6	4	6	10	9	12	4	2	8	8	15	12	23	12	56	11	14	179	39	157	317	309	420	426	631	707	302	834	691	233	766	177	158	162	28	40	14	10
YGR085C	18	21	13	20	36	20	29	43	40	27	49	29	28	61	19	47	47	42	56	68	52	96	130	90	457	162	188	1239	295	963	2255	1862	2535	2534	4008	4049	1460	5530	4117	1194	4499	1161	876	1039	199	170	83	65
YNL031C	5	0	10	6	5	6	4	6	6	4	10	3	7	15	7	12	9	8	14	12	8	19	42	19	64	48	29	204	74	131	432	347	474	532	1073	799	389	1348	867	247	1499	281	197	184	29	31	28	27
YIL169C	0	0	0	0	0	1	0	0	0	0	0	0	0	0	0	0	0	0	0	0	7	1	1	2	1	3	0	9	0	1	4	15	7	15	26	20	2	22	22	6	24	6	12	6	1	2	0	0
YDR225W	7	3	4	2	2	4	4	1	7	3	5	4	11	2	3	6	4	9	3	2	6	11	10	14	55	16	16	90	15	165	148	110	252	224	201	378	121	244	526	118	303	118	114	69	18	16	11	4
YML034W	0	0	0	0	0	0	0	0	0	0	0	0	0	0	0	0	4	0	0	0	0	0	1	0	0	0	0	0	0	4	0	5	5	0	6	3	0	1	4	0	3	2	1	0	6	0	0	2
YCR093W	0	0	1	0	0	0	0	0	0	0	0	0	0	0	0	0	0	0	0	0	0	0	0	0	0	0	0	0	0	0	0	0	0	0	0	0	0	0	0	0	0	0	0	0	0	0	0	0
YIR039C	0	0	2	0	0	0	0	0	0	0	0	0	0	0	0	0	0	0	0	0	0	0	0	0	0	0	0	0	0	0	1	0	0	0	0	0	0	0	2	0	0	0	0	0	0	0	0	0
YDR172W	0	0	0	0	0	0	0	0	0	0	0	0	0	0	0	0	0	0	0	0	0	0	0	2	0	0	0	0	0	0	0	0	0	0	0	0	0	0	0	0	0	0	0	0	0	0	0	0
YGR014W	0	0	0	0	0	0	0	0	0	0	0	0	0	0	0	0	0	0	0	0	0	0	0	0	0	2	0	5	0	3	10	3	2	7	0	5	4	7	2	0	4	4	3	0	0	0	0	0
YMR273C	0	1	0	0	0	0	0	0	0	0	0	0	0	0	0	0	0	0	0	0	0	0	0	0	0	0	0	0	0	0	0	0	0	0	0	0	0	0	0	0	0	0	0	0	0	0	0	0
YGL135W	19	31	29	27	49	45	53	74	64	36	117	73	69	129	39	95	80	73	131	130	111	165	328	158	499	277	243	1388	587	1471	2714	3547	4137	4115	8630	7429	2521	12463	7023	2176	12274	1649	1987	2023	381	335	187	158
YPR120C	0	0	3	0	1	0	0	1	0	0	0	0	0	0	0	0	0	0	0	0	0	0	0	0	0	0	0	0	0	0	0	0	0	0	0	0	0	0	0	0	0	0	0	0	0	0	0	0
YOL130W	0	0	0	0	0	0	0	0	0	0	0	0	0	0	0	0	0	0	0	0	0	0	0	0	1	1	0	0	0	0	1	0	0	0	0	2	0	3	0	0	3	0	1	0	0	0	0	1
YOL155C	0	0	0	0	0	1	0	0	0	0	0	0	0	0	0	0	0	0	0	0	1	1	4	1	1	1	0	8	0	1	5	14	18	25	27	22	15	37	20	11	40	10	11	14	3	0	0	1
YDL191W	17	21	14	22	28	18	27	28	27	18	30	33	32	37	21	32	44	27	42	64	52	98	106	73	320	164	147	1046	248	819	1640	1540	2257	2330	3730	3337	1740	4953	2973	1619	3718	771	1234	637	159	231	53	90
YJL123C	0	0	1	0	0	0	0	0	0	0	0	0	0	0	0	0	0	0	0	0	0	0	0	0	0	0	0	0	1	0	0	0	1	0	0	1	0	2	0	0	0	0	0	0	0	0	0	0
YOL138C	0	0	0	0	0	0	0	0	0	0	0	0	0	0	0	0	1	0	0	0	0	0	1	0	0	0	0	0	0	3	0	6	2	0	3	2	0	0	2	0	5	0	0	0	0	0	0	0
YHR066W	0	0	0	0	0	1	2	1	1	5	0	2	0	1	0	0	0	0	1	0	0	1	0	3	6	0	0	11	3	16	16	14	43	24	29	50	11	27	26	11	28	11	11	3	3	0	1	4
YER060W	0	0	0	0	0	0	0	0	0	0	0	0	0	0	0	0	0	0	0	0	0	0	0	0	0	0	0	0	0	0	2	0	1	0	0	0	0	0	0	0	0	0	1	0	0	0	0	0
YAL065C	0	0	0	0	0	0	0	0	0	0	0	0	0	0	0	0	0	0	0	0	0	0	0	0	0	0	0	0	0	0	0	0	0	0	0	1	0	0	0	0	2	1	1	0	0	0	0	0
YOR010C	0	1	0	0	0	0	0	0	0	0	0	0	0	0	0	0	0	0	0	0	0	0	0	0	0	0	0	2	0	3	5	4	6	13	12	11	4	6	12	0	21	3	0	2	0	0	0	0
YLR287C-A	5	3	1	9	15	7	8	4	5	13	11	8	10	10	8	12	7	6	15	14	12	31	14	11	73	28	23	270	30	159	526	212	484	538	618	784	313	945	500	403	505	174	235	94	28	21	6	8
YMR164C	0	0	2	0	0	0	0	0	0	0	0	0	0	2	2	0	0	0	0	1	0	0	0	1	0	1	1	0	2	3	1	10	12	4	15	16	1	9	23	1	21	3	2	10	7	0	4	3
YOR388C	0	0	0	0	0	0	0	0	0	0	0	0	0	0	0	0	0	0	0	0	0	0	0	0	0	0	0	0	0	0	0	1	0	1	0	1	0	1	1	0	1	0	0	0	0	0	0	0
YDR385W	71	78	82	87	162	89	104	171	152	91	236	149	134	299	91	180	169	128	253	278	296	438	556	328	1584	716	661	4205	1306	4650	7780	8345	12387	12026	19334	18617	7556	26147	21755	6704	25594	5272	5694	5178	1021	942	598	409
YMR322C	0	0	0	0	0	0	0	0	0	0	0	0	0	0	0	0	0	0	0	0	0	0	0	0	0	0	0	0	0	0	0	0	0	0	0	0	2	1	0	0	0	0	0	0	0	0	0	0
YDR040C	0	0	2	0	1	2	1	0	0	0	1	2	0	0	0	1	2	0	0	0	2	3	3	2	9	2	1	21	7	19	34	25	54	33	79	74	32	106	78	43	93	19	14	14	5	6	0	5
YPL048W	0	2	1	0	1	0	1	1	0	4	0	1	1	1	0	3	1	0	1	3	0	0	1	3	3	1	1	3	3	3	4	11	18	10	52	4	30	11	38	14	17	0	19	1	0	3	0	0
YLL064C	0	0	0	0	0	0	0	0	0	0	0	0	1	0	0	0	0	0	0	0	0	0	0	0	0	0	0	1	0	0	0	0	0	0	0	0	0	1	1	1	1	0	0	0	0	0	0	0
YPR035W	1	0	0	0	0	0	0	0	0	0	2	0	0	0	0	0	0	0	0	0	0	0	0	0	0	0	0	0	0	0	0	0	0	0	0	0	0	0	0	0	0	0	0	0	0	0	0	0
YNL104C	0	0	1	0	1	1	0	0	2	3	0	0	0	2	0	0	0	0	0	0	0	0	0	0	2	1	2	4	0	6	4	13	12	2	9	19	5	12	13	3	11	10	2	2	2	0	0	0
YLR180W	0	0	1	1	1	0	0	5	2	4	1	2	1	1	0	3	0	2	0	1	0	3	3	1	12	5	6	55	5	35	59	64	136	104	116	141	72	162	200	30	185	32	24	28	9	7	0	3
YPL190C	0	0	1	0	0	0	0	0	0	0	0	1	0	0	2	0	0	0	0	1	1	0	1	2	0	0	2	0	2	19	0	9	27	3	15	25	2	10	33	3	20	5	1	10	7	0	4	1
YMR242C	12	9	15	15	19	6	21	14	17	10	12	15	11	41	8	20	19	11	29	17	42	49	51	29	134	67	52	353	94	349	548	672	945	1005	1181	1318	798	1603	1693	713	1849	416	627	242	118	110	40	23
YNL112W	0	1	0	0	0	0	0	0	0	0	0	0	0	0	0	0	0	0	0	0	0	0	0	0	0	0	0	0	0	0	0	0	0	0	0	1	0	0	1	0	0	0	0	0	0	0	0	0
YLR072W	0	0	1	0	0	0	0	0	0	0	0	0	0	0	0	0	0	0	0	0	0	0	0	0	0	0	0	0	0	0	0	0	0	0	0	0	0	0	0	0	0	0	0	0	0	0	0	0
YEL043W	1	0	0	0	0	0	0	0	0	0	0	0	0	0	0	0	0	0	0	0	0	0	0	0	0	0	0	0	0	0	0	0	0	0	0	0	0	0	0	0	0	0	0	0	0	0	0	0
YAR050W	0	0	0	0	0	0	0	0	0	0	0	0	0	0	0	0	0	0	0	0	0	0	0	0	0	0	0	0	0	0	1	2	0	1	2	1	0	2	0	1	6	2	0	2	0	0	0	0
YOR267C	0	0	0	0	0	0	0	0	0	0	0	0	0	0	0	0	0	0	0	0	0	0	0	0	0	0	0	0	0	0	0	0	6	0	19	20	9	0	19	10	0	0	0	0	10	10	0	0
YLR095C	0	0	2	0	0	0	0	0	0	0	0	0	0	0	0	0	0	0	0	0	0	0	0	0	0	0	0	0	0	1	0	0	0	0	1	3	0	0	2	0	0	0	0	0	0	0	0	0
YHR044C	0	0	0	0	0	0	0	1	0	0	0	0	0	0	0	1	0	0	1	0	0	0	2	0	1	3	0	7	0	10	7	12	16	19	29	24	15	17	25	9	28	13	6	3	0	0	0	2
YHR056C	0	0	0	0	1	0	2	1	1	0	0	1	0	1	0	0	1	1	0	0	2	1	6	2	3	2	4	8	2	14	16	22	30	22	55	46	26	66	51	13	53	12	15	23	5	1	3	2
YER111C	0	0	1	0	0	0	0	0	0	0	0	0	0	0	2	0	0	0	0	0	0	0	0	0	0	0	0	0	0	0	0	0	0	0	0	0	0	0	0	0	0	0	0	0	0	0	0	0
YPL158C	0	0	0	0	0	0	0	0	0	0	0	0	0	0	0	0	0	0	0	0	0	0	0	0	0	0	0	1	0	4	0	0	3	0	0	2	0	1	2	0	0	0	0	0	0	0	0	0
YKR094C	13	17	14	34	31	28	23	42	47	20	36	54	24	42	11	34	19	25	47	31	39	42	93	45	232	107	113	694	167	546	1124	999	1938	1847	2266	3808	1371	3152	3005	1035	2458	662	970	589	99	155	61	63
YBL081W	0	0	0	0	0	0	0	0	0	0	1	0	0	0	0	0	0	0	0	0	0	2	0	0	0	0	0	0	1	0	3	4	0	0	2	1	3	6	1	3	14	0	1	0	0	0	0	0
YJR016C	0	0	3	0	0	0	0	0	0	0	0	0	0	0	0	0	0	0	0	0	0	0	0	0	0	0	0	0	0	0	0	0	0	0	0	0	0	0	0	0	0	0	0	0	0	0	0	0
YOL039W	3	2	5	3	13	5	7	23	4	4	8	4	2	23	3	3	18	6	13	7	16	12	14	14	20	27	17	133	34	138	134	265	599	191	587	475	85	469	500	24	441	193	24	75	14	4	0	0
YHR214W	0	0	0	0	0	0	1	0	0	1	0	0	0	0	2	1	0	0	0	0	0	0	0	1	2	2	1	5	4	6	8	13	17	18	24	29	18	32	25	14	48	2	12	7	1	2	0	0
YLR264W	2	0	2	0	2	2	2	2	3	0	1	3	1	0	1	2	0	1	1	0	2	7	7	5	16	0	4	32	3	99	90	7	96	69	26	19	66	19	37	26	39	10	57	0	1	3	0	2
YLR460C	0	0	0	0	0	0	0	0	0	0	0	0	0	0	0	0	0	0	0	0	0	0	0	0	0	0	0	0	0	0	0	1	1	2	1	0	1	0	1	1	4	0	0	0	0	0	0	0
YLR216C	0	0	0	0	0	0	0	0	0	1	0	0	0	0	0	0	0	0	0	0	0	0	0	0	0	0	0	0	0	0	0	0	0	0	0	0	0	0	0	0	0	0	0	0	0	0	0	0
YNL298W	0	1	0	0	0	0	0	0	0	0	0	0	0	0	0	0	0	0	0	0	0	0	0	0	0	0	0	0	0	0	0	0	0	0	0	0	0	0	0	0	0	0	0	0	0	0	0	0
YDR420W	0	0	0	0	0	0	0	0	0	0	0	0	0	0	0	0	0	0	0	0	0	0	0	0	0	0	0	0	0	0	0	11	35	0	0	29	8	8	17	8	9	0	0	0	0	0	0	0
YLR286C	0	0	0	0	0	0	0	0	0	0	0	4	0	0	0	0	0	0	0	0	0	0	0	0	4	0	0	0	0	0	0	4	0	0	0	0	0	0	0	0	0	0	0	0	0	0	0	0
YNL016W	0	0	0	0	0	0	0	0	0	0	0	0	0	0	0	0	0	0	0	1	1	0	1	0	0	0	1	0	0	2	0	0	14	2	5	10	0	1	2	3	1	0	0	0	0	0	0	1
YML113W	0	0	0	0	0	0	0	0	0	0	0	0	0	0	0	0	0	0	0	0	0	0	0	0	0	0	0	0	0	0	0	0	2	0	2	0	0	0	2	0	0	2	0	0	0	0	0	0
YDR436W	0	0	1	0	0	0	0	0	0	0	0	0	0	0	0	0	0	0	0	0	0	0	0	0	0	0	0	0	0	0	0	0	0	0	0	0	0	0	0	0	0	0	0	0	0	0	0	0
YHL011C	0	0	0	0	0	0	0	0	0	0	0	0	0	0	0	0	0	0	0	0	0	0	0	0	0	0	0	0	0	0	0	0	1	0	0	0	0	0	0	0	0	0	0	0	0	0	0	0
YFL061W	0	0	0	0	0	0	0	0	0	0	0	0	0	0	0	0	0	0	0	0	0	0	0	0	0	0	0	0	0	1	0	0	0	0	2	0	0	0	0	0	1	0	1	0	0	0	0	0
YKL117W	0	0	0	0	0	0	3	0	0	0	2	0	0	0	0	0	0	0	0	0	0	0	0	0	0	0	0	0	0	0	0	0	2	0	0	0	0	0	2	0	0	0	0	0	0	0	0	0
YLR330W	0	0	0	0	0	0	0	0	0	0	0	0	0	0	0	0	0	0	0	0	0	0	0	0	3	3	0	0	0	15	3	14	3	2	6	9	0	21	6	0	9	0	11	0	12	0	3	0
YOL157C	0	0	0	0	0	0	0	0	0	1	0	0	0	0	0	0	0	0	0	0	0	0	0	0	0	2	0	1	4	2	1	2	4	9	7	5	1	5	5	0	10	3	1	1	0	2	0	0
YOR310C	2	0	0	0	0	0	0	0	0	0	0	0	0	0	0	0	0	0	3	0	0	0	0	0	1	0	1	2	0	2	0	0	1	6	0	0	0	0	0	0	1	0	0	0	0	0	0	0
YHL009W-B	1	0	0	0	0	0	0	0	0	0	0	0	0	0	0	0	0	0	0	0	0	0	0	0	0	0	1	1	2	1	1	4	5	3	4	3	2	5	3	0	8	2	3	1	3	0	0	0
YHL009W-A	0	0	0	0	0	0	0	0	0	0	0	0	0	0	0	0	0	0	0	0	0	0	0	0	0	0	1	1	0	1	1	3	3	1	2	1	1	2	3	0	3	0	2	1	1	0	0	0
YJR160C	0	0	0	0	0	0	0	0	0	0	0	0	1	0	0	0	0	0	0	0	0	0	0	0	0	0	0	0	0	0	0	0	0	0	0	0	0	1	0	0	0	0	0	1	0	0	0	0
YPR148C	0	0	0	0	0	0	0	0	0	0	0	0	0	0	0	0	0	0	0	0	0	0	0	0	0	0	0	1	0	4	0	0	1	0	0	2	0	1	2	0	0	0	0	0	0	0	0	0
YMR303C	27	40	46	26	73	52	43	99	53	46	143	91	36	149	50	97	144	63	114	131	132	172	312	176	734	335	259	1735	571	1972	3104	3412	5706	3901	8502	7896	2444	10604	8990	1889	9343	2181	1640	2290	358	258	301	220
YIL123W	0	0	0	0	1	0	1	0	0	0	0	0	0	0	0	0	0	0	0	0	0	0	0	0	0	0	0	0	0	0	0	0	1	0	0	0	0	0	0	0	0	0	0	0	0	0	0	0
YLR435W	0	0	0	0	0	0	0	1	0	0	0	0	0	0	0	0	0	0	0	0	0	0	0	0	0	0	0	0	0	0	0	0	0	0	0	0	0	0	0	0	0	0	0	0	0	0	0	0
YBL017C	0	0	0	0	0	0	0	0	0	0	0	0	0	0	0	0	0	0	0	0	0	0	0	0	0	1	0	0	0	1	0	0	2	1	0	3	0	0	1	0	1	0	0	0	0	0	0	0
YBR145W	1	0	0	0	0	0	0	0	0	0	0	0	0	0	0	0	0	0	0	0	1	0	0	0	0	0	0	0	0	0	0	0	1	0	0	0	0	0	0	0	0	0	0	0	0	0	0	0
YAR066W	0	0	0	0	0	0	1	0	0	1	0	0	0	0	2	1	0	0	0	0	0	0	0	1	2	2	1	5	4	6	8	13	17	18	24	29	18	32	25	14	48	2	12	7	1	2	0	0
YKL157W	0	0	0	0	0	2	0	0	1	0	0	0	0	0	0	0	0	0	0	0	0	0	0	1	0	0	0	0	0	0	0	0	0	0	0	0	0	0	0	0	0	0	0	0	0	0	0	0
YAL005C	101	88	100	92	185	138	149	206	153	121	285	214	138	257	115	254	222	173	279	329	327	486	631	370	1628	722	708	4463	1506	4810	8788	9216	13486	14012	20936	20963	8766	28659	23542	8009	27731	5127	6893	5360	828	1109	491	352
YMR121C	6	16	20	11	15	19	17	30	19	14	15	31	11	19	13	11	22	19	37	29	24	51	56	36	192	85	78	498	134	416	915	806	1333	1119	1883	1828	809	2637	1578	788	1650	396	474	409	66	53	41	41
YMR186W	22	27	26	24	25	34	37	35	28	13	27	33	32	79	22	39	36	14	47	68	58	83	84	98	230	157	116	554	207	821	970	1187	2048	1576	2984	2514	1324	3220	2819	916	3529	841	899	857	100	191	76	37
YNL331C	0	0	0	0	0	0	0	0	0	0	0	0	0	0	0	0	0	0	0	0	0	0	0	0	0	0	0	0	0	0	0	0	0	2	0	0	0	1	1	0	0	0	0	0	0	0	0	0
YPL083C	0	0	0	0	0	0	0	2	0	0	0	0	0	0	0	0	0	0	0	0	1	0	0	1	0	0	1	0	0	0	0	0	0	0	0	0	0	0	0	0	0	0	0	0	0	0	0	0
YML132W	0	1	0	3	0	1	0	1	1	0	1	2	3	0	0	0	0	1	3	4	2	8	2	6	10	4	6	12	11	35	61	39	84	57	117	146	43	162	117	58	86	43	32	33	18	6	0	4
YDR304C	0	0	0	0	0	0	0	0	0	0	0	1	0	0	0	0	1	0	0	0	0	0	0	0	0	0	0	0	0	0	0	0	2	0	0	11	0	0	2	0	0	2	0	0	0	0	1	0
YHR186C	0	0	0	0	0	0	0	0	0	0	0	0	0	0	1	0	0	0	0	0	0	0	0	0	0	0	0	0	0	0	0	0	0	0	0	0	0	0	0	0	0	0	0	0	0	0	0	0
YJR156C	0	0	0	0	0	0	0	0	0	0	0	0	0	0	0	0	0	0	0	0	0	0	0	0	1	0	1	0	1	2	0	1	2	0	3	2	1	5	10	4	8	2	2	2	1	0	0	0
YBR247C	0	0	1	0	0	0	0	0	0	0	0	0	0	0	0	0	0	0	0	0	0	0	0	0	0	0	0	0	0	0	0	0	0	0	0	0	0	0	0	0	0	0	0	0	0	0	0	0
YLR185W	4	0	6	0	5	10	3	11	8	3	7	15	3	6	8	5	7	14	8	7	11	7	11	15	22	11	17	75	33	84	187	108	300	217	277	497	180	307	640	151	249	130	157	32	48	19	7	18
YCR107W	0	0	0	0	0	0	0	0	0	0	0	0	0	0	0	0	0	0	0	0	0	0	0	0	0	0	0	0	0	0	0	0	0	0	0	0	0	1	1	0	0	0	0	0	0	0	0	0
YKR072C	0	0	0	0	0	0	0	1	0	0	0	0	0	0	0	0	0	0	0	1	0	0	0	0	0	0	0	0	0	2	0	15	0	1	10	2	0	3	6	0	16	0	0	4	0	0	0	0
YDL014W	4	0	0	2	0	6	0	8	0	0	8	2	0	2	6	4	0	0	2	4	2	2	12	10	36	12	7	136	6	66	66	68	168	107	150	116	52	72	124	14	52	34	12	10	0	4	2	4
YHR069C	0	0	0	0	0	1	0	0	0	0	0	0	0	0	0	0	0	0	0	0	0	0	0	0	0	0	0	0	0	0	0	0	0	0	0	0	0	0	0	0	0	0	0	0	0	0	0	0
YJL020C	0	0	0	0	0	0	0	0	0	0	0	0	0	0	0	0	0	0	2	0	0	0	0	0	0	0	0	2	0	4	4	0	8	4	8	14	4	16	16	0	2	2	6	0	0	0	0	0
YIR006C	3	0	0	0	0	0	0	6	0	0	0	0	0	0	0	0	0	0	2	1	0	3	3	0	2	0	6	5	8	1	20	6	24	15	21	54	36	26	17	29	26	2	4	0	2	4	0	0
YHR054W-A	0	0	0	0	0	0	0	0	1	0	0	0	0	0	0	0	0	0	0	0	0	0	0	0	1	0	0	4	2	2	5	1	5	5	2	8	1	10	2	4	8	2	0	3	0	0	0	0
YCR024C-A	0	1	2	1	3	4	4	5	0	4	2	1	0	0	3	1	4	0	2	3	0	2	4	5	8	10	4	63	5	6	42	32	82	34	89	53	47	41	30	13	39	18	5	12	0	2	0	0
YNL042W-B	39	15	2151	23	14	10855	46	27	8518	209	18	839	156	10	543	28	22	214	53	22	54	41	13	35	63	36	60	111	25	588	41	66	2118	19	260	1548	37	176	452	56	128	633	192	270	103	364	42	67
YPL146C	0	0	0	1	0	0	0	0	0	0	0	0	0	0	0	0	0	0	0	0	0	0	0	0	0	0	0	0	0	0	0	0	0	0	0	0	0	0	0	0	0	0	0	0	0	0	0	0
YER075C	0	0	0	0	0	0	0	0	0	0	0	0	0	0	0	0	1	0	0	0	0	0	0	0	0	0	0	0	0	0	0	0	0	0	0	0	0	0	0	0	0	0	0	0	0	0	0	0
YHR094C	1	0	0	0	1	1	0	1	0	0	0	1	0	0	0	0	0	1	3	0	0	1	0	0	7	0	0	10	6	8	11	7	22	15	22	25	11	28	43	17	22	5	9	9	3	3	4	5
YML010W	0	0	0	0	0	0	0	0	0	0	0	0	1	0	0	0	1	0	0	0	0	0	0	0	0	1	0	3	0	3	0	0	1	0	1	0	0	0	2	0	0	0	0	0	0	0	0	0
YAL003W	1	0	1	0	0	0	0	0	0	0	0	0	0	0	0	0	0	0	0	0	0	0	0	0	0	0	0	0	0	0	0	0	0	0	0	0	0	0	0	0	0	0	0	0	0	0	0	0
YNR065C	2	0	0	0	0	0	0	0	0	0	0	0	0	0	0	0	0	1	0	0	0	0	0	0	0	1	0	1	0	1	1	2	5	2	3	8	0	3	9	1	4	0	0	1	0	0	0	0
YML049C	0	0	0	0	0	0	0	0	0	0	0	0	0	0	0	0	0	0	0	0	0	0	0	0	0	0	0	0	0	0	0	0	0	0	0	1	0	0	0	0	0	0	0	0	0	0	0	0
YBR067C	2	0	0	0	0	0	0	0	0	0	0	0	0	0	0	0	0	0	0	0	0	0	0	0	0	0	0	0	0	0	0	0	0	6	0	0	4	0	0	2	0	0	0	0	0	0	0	0
YIL046W	0	1	0	0	0	0	0	0	0	0	0	0	0	0	0	0	0	0	0	0	0	0	0	0	0	0	0	0	0	0	0	0	0	0	0	0	0	0	0	0	0	0	0	0	0	0	0	0
YGR138C	0	0	0	0	0	0	0	0	0	0	0	0	0	0	0	0	0	0	0	0	1	0	0	0	0	2	1	2	3	7	10	10	24	11	20	31	5	26	29	7	37	6	7	3	0	4	0	1
YPR042C	0	0	0	0	0	0	0	0	0	0	0	0	0	0	0	0	0	0	0	0	0	0	0	0	0	0	0	1	0	0	0	0	0	0	0	0	0	0	0	0	0	0	0	0	0	0	0	1
YJR151C	0	0	0	0	0	0	0	0	0	0	0	0	0	0	0	0	0	0	0	0	0	0	0	0	0	0	0	0	0	0	5	0	0	0	0	0	0	0	0	0	0	0	0	0	0	0	0	0
YJR086W	0	0	1	0	0	0	0	0	0	0	0	0	0	0	0	0	0	0	0	0	0	0	0	0	0	0	0	0	0	0	0	0	0	0	0	0	0	0	0	0	0	0	0	0	0	0	0	0
YER074W	14	14	14	19	42	14	26	34	22	12	31	31	16	48	8	35	23	14	46	39	47	74	83	75	269	122	122	670	186	831	1072	1291	2108	1638	2707	2999	1151	3065	3250	928	3011	658	760	650	139	109	51	44
YIL173W	2	0	0	0	0	0	0	0	0	0	1	0	0	0	0	0	0	1	0	1	0	3	0	0	4	0	2	4	0	4	6	12	19	16	24	33	15	20	39	6	21	3	7	7	2	1	1	0
YIL130W	0	0	0	0	0	0	0	0	0	0	0	0	0	0	0	0	0	0	0	0	0	0	0	0	0	0	0	1	0	1	0	0	0	0	0	0	0	0	0	0	0	0	0	0	0	0	0	0
YER056C-A	4	4	8	6	13	12	6	11	7	7	23	7	7	19	7	23	16	7	14	16	15	50	44	21	150	44	19	286	72	256	565	293	808	707	722	1023	523	861	952	327	904	224	311	224	16	79	8	8
YGR192C	200	261	202	270	471	298	330	605	347	272	694	380	346	754	198	537	487	328	665	690	525	1091	1230	753	3715	1577	1445	10505	2986	9183	19035	17470	29236	28428	42344	44583	16828	57914	44607	15209	58001	10571	11556	10191	1784	2288	1245	632
YJL158C	3	4	6	3	8	1	1	1	6	3	3	2	1	2	2	4	5	1	4	8	5	8	8	10	30	9	12	78	16	60	134	97	193	228	341	251	169	336	220	123	313	91	95	69	10	18	7	6
YNL037C	0	0	0	0	1	0	0	0	0	0	0	0	0	0	0	0	0	0	0	0	0	0	0	0	0	0	0	0	0	0	0	0	0	0	0	0	0	0	0	0	0	0	0	0	0	0	0	0
YCL073C	0	0	0	0	0	0	0	0	0	0	0	0	0	0	0	0	0	0	0	0	0	0	0	0	0	0	0	0	0	0	2	0	2	0	2	3	0	3	0	0	5	0	1	0	0	0	0	0
YAR071W	10	3	3	8	7	6	11	13	8	9	8	6	2	20	8	14	13	7	15	15	19	19	39	22	90	48	48	245	99	296	451	518	893	720	1252	1212	469	1641	1442	425	1520	324	407	356	69	56	41	30
YGL210W	0	0	0	0	0	0	0	0	0	0	0	0	0	0	0	0	0	0	0	0	0	0	0	0	0	0	0	0	0	0	0	0	0	0	1	0	0	0	0	0	0	0	0	0	0	0	0	0
YKL219W	0	0	0	0	0	0	0	0	0	0	0	0	0	0	0	0	0	0	0	0	0	0	0	0	0	0	0	0	0	2	4	1	3	1	2	2	0	3	3	1	2	1	1	0	0	0	0	0
YPR002C-A	0	0	0	0	0	0	0	0	0	0	0	0	0	0	0	0	0	1	0	0	0	0	0	0	1	0	1	2	1	0	4	3	0	4	8	5	2	6	2	5	2	4	2	3	1	1	1	0
YDL244W	0	0	0	0	0	0	0	0	0	0	0	0	0	0	0	0	0	0	0	0	0	0	0	0	1	0	1	0	1	2	0	1	1	0	3	1	1	4	7	4	5	2	2	1	1	0	0	0
YLL021W	0	0	0	0	0	0	0	0	0	0	0	0	0	0	0	0	0	2	0	0	0	0	0	0	0	0	0	0	0	0	0	0	0	0	0	0	0	0	0	0	0	0	0	0	0	0	0	0
YFL033C	0	0	0	0	0	0	0	0	0	0	0	0	0	0	0	0	0	0	0	0	0	0	0	0	0	0	0	1	0	0	0	0	0	0	0	0	0	0	0	0	0	0	0	0	0	0	0	0
YDL229W	75	58	82	67	139	110	124	132	101	79	171	140	145	204	85	195	142	120	220	231	252	344	480	277	1170	570	582	3111	978	3779	5488	6336	9765	8937	14576	14159	5905	19425	15244	5350	19943	3299	4543	3022	584	655	255	248
YJR136C	2	0	0	0	0	0	0	0	0	0	0	0	0	0	0	0	0	0	0	0	0	0	0	0	0	0	0	0	0	0	0	0	0	0	0	0	0	0	0	0	0	0	0	0	0	0	0	0
YER033C	0	0	0	0	0	0	0	0	1	0	0	0	0	0	0	0	0	0	0	0	0	0	0	0	0	0	0	0	0	0	0	0	0	0	0	0	0	0	0	0	0	0	0	0	0	0	0	0
YJL098W	0	0	0	0	0	0	0	0	0	0	0	0	0	0	0	0	0	0	0	2	0	0	0	0	0	0	0	0	0	0	0	0	0	0	0	0	0	0	0	0	0	0	0	0	0	0	0	0
YPR156C	0	0	0	0	0	0	0	0	0	0	0	0	0	0	0	0	0	0	0	0	1	0	0	0	0	2	1	2	3	7	10	10	24	11	20	31	5	26	29	7	37	6	7	3	0	4	0	1
YLR451W	0	0	0	0	1	0	0	0	0	0	0	0	0	0	0	0	0	0	0	0	0	0	0	0	0	0	0	0	0	0	0	0	0	0	0	0	0	0	0	0	0	0	0	0	0	0	0	0
YJL222W	2	0	0	0	0	0	0	0	0	0	1	0	0	0	0	0	0	1	0	1	0	3	0	0	4	0	2	4	0	4	6	12	19	16	24	33	15	20	39	6	21	3	7	7	2	1	1	0
YDR154C	0	0	0	0	0	0	0	0	0	0	1	1	0	0	0	1	0	0	0	0	0	0	0	0	0	0	0	0	0	0	0	2	0	0	11	0	0	2	0	0	2	0	0	0	0	1	0	0
YLR333C	6	5	1	9	2	4	2	4	0	1	5	2	5	4	2	0	2	1	1	3	2	7	6	1	14	7	0	28	5	12	16	20	35	46	59	66	81	38	83	1	57	26	0	12	0	0	0	0
YLR432W	4	2	2	8	10	2	2	5	3	3	6	0	4	8	5	14	2	1	10	19	10	6	17	10	36	22	9	115	30	141	210	193	400	294	447	628	197	589	757	160	559	168	179	101	30	29	14	25
YDR534C	0	0	0	0	0	0	0	0	0	0	0	0	0	0	0	0	2	0	0	0	0	0	0	0	3	6	0	0	0	4	6	2	3	5	2	5	0	13	5	5	2	0	8	2	0	0	0	0
YIL060W	0	0	0	0	3	0	0	0	0	0	0	0	0	0	0	0	0	0	0	1	0	0	0	0	0	0	1	0	0	1	0	1	1	3	5	1	2	1	4	1	6	0	0	2	0	0	0	0
YJL115W	0	0	1	0	0	0	0	0	0	0	0	0	0	0	0	0	0	0	0	0	0	0	0	0	0	0	0	0	0	0	0	0	0	0	0	0	0	0	0	0	0	0	0	0	0	0	0	0
YHR183W	0	0	0	0	0	1	0	0	0	0	0	0	0	0	2	0	0	0	0	0	0	0	0	0	0	0	1	0	0	0	0	0	7	0	0	10	0	0	8	0	0	0	0	0	0	0	0	0
YDR186C	0	0	0	0	0	0	0	1	0	0	0	0	0	0	0	0	0	0	0	0	0	0	0	0	0	0	0	0	0	0	0	0	0	0	0	0	0	0	0	0	0	0	0	0	0	0	0	0
YJL138C	19	39	33	36	51	31	42	64	76	39	94	72	52	87	35	96	70	46	103	143	98	173	196	151	672	270	329	1662	479	1771	3172	2716	4983	4452	6264	7674	2566	8882	7598	2435	8267	1943	1911	1517	353	264	141	143
YOR113W	0	0	0	0	0	0	0	0	0	0	1	0	0	0	0	0	0	0	0	0	0	0	0	0	0	0	0	0	0	0	0	0	0	0	0	0	0	0	0	0	0	0	0	0	0	0	0	0
YAR028W	0	0	0	0	0	0	0	0	0	0	0	0	0	0	0	0	0	0	0	0	0	0	0	0	0	0	0	1	0	1	0	0	0	0	0	4	1	7	1	0	1	0	0	0	0	0	0	0
YCR018C-A	0	0	0	0	0	0	0	0	0	0	0	0	0	0	0	0	0	1	0	0	0	0	0	0	2	0	1	3	1	0	3	4	1	5	8	4	7	10	4	2	8	8	2	7	0	1	0	0
YAR053W	0	0	0	0	0	0	0	0	0	0	0	0	0	0	0	0	0	0	0	0	0	0	0	0	0	0	0	2	0	0	1	1	0	0	0	0	0	0	0	0	0	0	0	0	0	0	1	0
YPR102C	18	21	13	20	36	20	29	43	40	27	49	29	28	61	19	47	47	42	56	68	52	96	130	90	457	162	188	1239	295	963	2255	1862	2535	2534	4008	4049	1460	5530	4117	1194	4499	1161	876	1039	199	170	83	65
YNL334C	0	0	0	0	0	0	0	0	0	0	0	0	0	0	0	0	0	0	0	0	0	0	0	0	0	0	0	1	0	3	1	4	6	1	6	5	5	8	3	0	3	2	1	1	0	1	0	0
YDR340W	0	0	0	0	0	0	0	1	0	0	0	0	0	0	0	0	0	0	0	0	0	0	0	0	0	0	0	1	0	0	0	0	1	0	1	2	0	0	3	0	1	1	0	0	0	1	0	0
YBR010W	5	0	10	6	5	6	4	6	6	4	10	3	7	15	7	12	9	8	14	12	8	20	41	19	65	47	29	202	75	132	430	342	481	531	1073	800	389	1349	866	247	1499	281	197	185	28	31	28	27
YPL250W-A	0	0	0	0	0	0	0	0	0	0	0	0	0	0	0	0	0	0	0	0	0	0	0	0	0	0	0	0	0	0	0	0	0	0	0	0	0	0	0	0	1	0	0	0	0	0	0	0
YPL090C	26	33	38	35	67	49	38	62	72	45	107	90	57	121	43	102	63	75	87	123	124	227	237	186	712	328	336	1956	579	2358	3734	3306	6236	5349	7841	9919	3638	10443	8590	3573	9184	2070	2185	1684	469	392	138	218
YBR302C	0	1	0	3	0	1	0	1	1	0	1	2	3	0	0	0	0	1	3	4	2	8	2	6	10	4	6	12	11	35	61	39	84	58	114	148	43	162	117	58	86	43	32	33	18	6	0	4
YAR033W	0	0	0	0	0	2	0	0	0	0	0	0	0	0	0	0	0	0	0	0	0	0	0	0	1	0	1	0	0	2	2	1	5	5	18	7	3	15	9	6	8	6	4	3	0	0	2	1
YGR214W	10	3	7	6	10	9	10	14	9	18	8	16	5	3	7	15	3	7	15	11	26	25	25	24	94	23	20	183	24	212	181	176	588	363	395	556	351	368	835	309	362	232	193	126	49	32	13	29
YFL062W	0	1	0	0	0	1	0	1	0	0	2	1	0	0	0	0	0	2	3	3	1	4	0	4	7	3	3	14	8	18	43	17	47	41	83	110	35	119	78	47	77	20	26	30	9	5	0	4
YDR025W	14	18	7	19	10	9	12	15	17	14	22	11	12	22	11	30	16	15	18	30	31	42	55	38	117	54	45	437	141	230	693	559	864	869	1430	1206	656	2046	1378	475	1964	371	338	386	74	66	44	47
YML065W	1	1	1	0	1	0	0	2	0	0	1	3	0	1	1	0	1	0	0	0	3	0	0	2	0	0	0	0	0	0	0	0	0	0	0	0	1	0	0	0	0	0	0	0	0	0	0	0
YLL013C	0	0	0	0	0	0	0	0	0	0	0	0	0	0	0	0	0	0	0	0	0	0	0	0	0	0	0	0	0	0	0	1	0	0	0	0	0	0	0	0	0	0	0	0	0	0	0	0
YDL126C	0	0	0	0	0	0	0	0	0	0	0	1	0	0	0	0	0	0	0	0	0	0	0	0	0	0	0	0	0	0	0	0	0	0	0	0	0	0	0	0	0	0	0	0	0	0	0	0
YDR228C	0	0	0	0	0	0	0	0	0	0	0	0	0	0	0	0	0	0	0	0	0	0	0	0	0	0	0	0	0	0	0	1	0	0	0	0	0	1	1	0	0	0	0	0	0	0	0	0
YLR114C	0	0	0	0	0	0	0	0	0	0	0	0	0	0	0	0	0	0	0	0	0	0	2	0	3	0	0	2	4	0	0	0	2	6	4	2	0	8	2	0	2	0	0	0	0	0	0	0
YGR124W	0	0	2	0	0	1	1	2	4	1	2	1	1	1	1	1	1	1	0	8	2	5	8	2	9	5	7	45	12	71	42	82	149	52	166	168	43	268	192	30	177	40	16	25	11	1	5	3
YBR017C	0	0	0	0	0	0	0	0	0	0	0	0	0	0	0	0	0	0	0	0	0	0	0	0	0	0	0	0	0	0	0	0	2	0	0	0	0	1	0	0	1	0	0	0	0	0	0	0
YJR158W	0	0	0	0	0	0	0	0	0	0	0	0	0	0	0	0	0	0	0	0	0	0	0	0	0	0	0	0	0	1	0	0	0	0	0	0	0	0	0	0	0	0	0	0	0	0	0	0
YNL332W	0	0	0	0	0	0	0	0	0	0	0	0	0	0	0	0	0	0	0	0	0	0	0	0	1	0	1	0	1	1	0	1	2	0	1	2	1	4	8	3	6	1	2	2	1	0	0	0
YMR317W	0	0	0	0	0	0	0	0	0	0	0	0	0	0	0	0	0	0	0	0	0	0	0	0	0	0	0	2	0	0	2	0	0	0	0	0	0	0	2	0	6	2	4	0	0	0	0	0
YER133W	0	0	1	0	0	0	0	0	0	0	0	0	0	0	0	0	0	0	0	0	0	0	0	0	0	0	0	0	0	0	0	0	0	0	0	0	0	0	0	0	0	0	0	0	0	0	0	0
YER158C	0	0	0	0	0	0	0	0	0	0	0	0	0	0	0	0	0	0	0	0	0	0	0	0	0	0	0	2	0	0	0	0	0	0	0	0	0	0	0	0	0	0	0	0	0	0	0	0
YGR292W	0	0	0	0	0	0	0	0	0	0	0	0	0	0	0	0	0	0	0	0	0	0	0	0	0	0	0	0	0	2	6	0	3	1	0	0	1	3	3	3	2	0	0	3	0	0	0	0
YJR048W	0	0	0	0	0	0	0	0	0	0	0	0	0	0	0	0	0	0	0	0	2	0	0	0	0	0	0	0	0	0	0	0	0	1	2	0	0	1	4	0	0	0	0	1	0	0	0	0
YBR092C	1	0	0	5	1	1	2	1	1	0	1	2	0	4	1	1	1	0	1	3	2	5	7	5	13	5	4	15	13	30	32	65	76	82	122	142	40	146	143	25	184	20	19	28	7	1	4	1
YMR325W	0	0	0	0	0	0	0	0	0	0	0	0	1	0	0	0	0	0	0	0	0	0	0	0	0	0	0	0	0	0	0	0	0	0	0	0	0	0	0	0	0	0	0	0	0	0	0	0
YMR173W	2	10	3	7	13	6	28	4	7	5	36	15	7	36	3	19	3	9	5	14	13	10	40	17	92	45	26	221	65	165	391	499	442	713	1090	809	298	1393	1086	278	1636	195	258	239	28	27	38	20
YOR393W	0	0	0	0	0	0	1	0	0	0	0	0	0	0	0	0	0	0	0	0	0	0	0	0	0	0	0	0	0	0	0	0	0	0	0	0	0	0	0	0	0	0	0	0	0	0	0	0
YNL161W	0	0	0	0	0	0	0	0	0	0	0	0	0	0	1	0	0	0	0	0	0	0	0	0	0	0	0	0	0	0	0	0	0	0	0	0	0	0	1	0	0	0	0	0	0	0	0	0
YOR204W	0	0	0	0	0	0	0	0	0	0	0	0	0	0	0	0	0	0	0	0	0	0	0	0	0	0	0	0	0	0	0	0	0	0	0	1	0	0	1	0	0	0	0	0	0	0	0	0
YPR043W	5	1	2	3	1	3	5	2	1	1	3	1	2	0	1	4	0	4	5	0	2	12	4	4	15	2	13	19	4	58	49	50	143	63	127	239	49	94	152	86	43	4	49	3	3	2	0	1
YPL198W	19	28	23	33	38	40	45	71	45	21	62	48	58	95	29	69	58	46	77	88	91	154	178	108	501	188	249	1357	424	1404	2745	2542	4388	3840	5911	7006	2755	8493	6781	2603	8240	1766	1932	1494	484	321	189	138
YDR382W	0	0	3	1	3	2	3	1	0	0	0	1	1	5	0	0	2	0	3	0	5	0	1	1	2	8	1	6	1	23	1	20	30	0	45	0	1	2	0	0	5	0	0	0	0	0	0	0
YGR294W	0	0	0	0	0	0	0	0	0	0	0	0	1	0	0	0	0	0	0	0	0	0	0	0	0	0	0	1	0	0	1	0	0	0	0	1	0	1	1	1	3	2	0	0	0	0	0	0
YOL161C	0	0	0	0	0	0	0	0	0	0	0	0	1	0	0	0	0	0	0	0	0	0	0	0	0	0	0	0	0	0	0	0	0	0	0	1	0	0	0	0	0	0	0	0	0	0	0	0
YGR254W	166	177	212	190	360	283	294	371	305	214	486	361	233	587	172	528	350	245	528	595	528	741	1173	592	2716	1334	1081	8272	2278	7876	12908	14701	23705	22499	34997	35676	13522	43190	37660	10792	51234	7948	11262	9913	1242	1758	775	544
YDR366C	0	0	0	0	0	0	0	0	0	0	0	0	0	0	0	0	0	0	0	0	1	0	0	0	0	0	0	0	0	0	2	1	0	4	1	1	0	3	3	0	0	2	0	0	0	1	0	0
YDR505C	0	0	0	0	0	0	0	0	0	0	0	0	0	0	0	0	0	0	0	0	0	0	0	0	0	0	0	0	0	0	0	0	0	0	0	0	0	0	0	0	1	0	0	0	0	0	0	0
YCL067C	0	0	0	0	0	0	0	0	0	1	0	0	0	0	0	0	0	0	0	0	0	0	1	1	1	4	0	4	3	2	20	9	2	10	15	13	3	12	19	3	11	17	3	5	3	1	5	0
YER188C-A	0	0	0	0	0	0	0	0	0	0	0	0	0	0	0	0	0	0	0	0	0	0	0	0	0	0	0	0	0	0	0	0	0	0	0	0	0	0	0	0	0	1	0	0	0	0	0	0
YPL226W	0	0	0	0	1	1	0	1	1	0	0	0	0	0	0	0	5	0	0	0	0	0	0	0	0	0	0	0	0	0	0	0	0	0	0	0	1	0	0	0	0	0	0	0	0	0	0	0
YLR073C	0	0	1	0	0	0	0	0	0	0	0	0	0	0	0	0	0	0	0	0	0	0	0	0	0	0	0	0	0	0	0	0	0	0	0	0	0	0	0	0	0	0	0	0	0	0	0	0
YOR234C	1	2	3	2	2	5	2	7	1	1	2	4	2	6	3	4	2	0	2	0	3	7	0	6	18	3	4	43	2	44	74	31	175	96	94	35	78	16	49	4	24	17	3	10	0	0	0	0
YOL051W	0	0	0	0	0	0	1	0	0	0	0	0	2	0	0	0	0	0	0	0	0	0	0	0	0	1	0	0	3	0	0	2	2	0	11	8	0	4	11	0	6	0	2	2	0	0	0	4
YLR160C	0	0	0	0	0	0	0	0	0	0	0	0	0	0	0	0	0	1	0	0	2	0	0	0	0	1	0	1	1	2	1	2	4	11	7	9	6	10	16	1	10	14	3	3	0	0	1	0
YPR129W	0	0	0	1	0	0	0	0	0	0	0	0	0	0	0	0	0	0	0	0	0	0	0	0	0	0	0	0	0	0	0	0	0	0	0	0	0	0	0	0	0	0	0	0	0	0	0	0
YBR289W	0	0	0	0	0	0	0	0	0	0	0	0	0	0	1	0	0	0	0	0	0	0	2	0	0	1	0	0	0	0	0	1	3	2	5	2	0	0	2	0	2	0	0	0	1	0	0	0
YHR030C	0	0	1	0	0	0	0	0	0	0	0	0	0	0	0	0	0	0	0	0	0	0	0	0	0	0	0	0	0	0	0	2	1	0	1	0	0	0	1	0	0	0	0	0	0	0	0	0
YBL084C	0	0	0	0	0	0	0	0	0	0	0	0	0	0	0	0	0	0	0	0	0	0	0	0	0	0	0	1	0	0	0	0	0	0	0	0	0	0	0	0	0	0	0	0	0	0	0	2
YNL270C	0	0	0	0	0	0	0	0	0	0	0	0	0	0	0	0	0	0	0	1	0	0	0	0	0	0	0	1	0	0	1	0	2	0	4	0	0	0	1	0	3	0	0	1	1	1	0	1
YJL079C	0	0	0	0	0	0	0	0	0	0	0	0	0	0	0	0	0	0	0	0	0	0	0	0	0	0	0	0	0	0	0	0	1	0	0	2	0	0	0	0	0	0	0	0	0	0	0	0
YIL011W	0	0	0	0	0	0	0	0	0	0	0	0	0	0	0	0	0	0	0	0	0	0	0	0	0	0	0	0	0	0	0	0	6	2	0	0	0	2	0	0	0	0	0	0	0	0	0	0
YEL034W	4	6	3	2	1	5	3	9	2	1	11	2	3	6	5	10	9	2	6	9	9	12	24	18	32	14	13	83	28	64	156	210	163	273	395	197	195	664	215	123	428	66	109	99	9	10	13	1
YHL001W	9	11	20	16	17	24	16	27	31	17	37	39	33	26	15	35	20	23	39	35	37	84	60	61	215	97	125	538	193	898	1187	1153	2225	1716	2086	3492	1345	2784	3446	1449	2434	788	1139	551	157	188	55	60
YOR373W	0	0	0	0	0	0	0	0	0	0	0	0	0	0	0	0	0	0	0	0	0	0	0	0	0	0	0	1	0	0	0	0	0	0	0	0	0	0	0	0	0	0	0	0	0	0	0	0
YDR134C	1	3	4	0	1	0	0	0	0	0	0	0	0	1	0	0	0	0	0	0	0	0	0	0	0	0	1	0	2	1	1	7	4	0	24	12	0	56	10	0	72	5	1	13	2	0	4	1
YPL220W	19	31	29	27	49	45	53	74	64	36	117	73	69	129	39	95	80	73	131	130	111	165	328	158	499	277	243	1388	587	1471	2714	3547	4137	4115	8630	7429	2521	12463	7023	2176	12274	1649	1987	2023	381	335	187	158
YLR463C	0	0	0	0	0	0	0	0	0	0	0	0	0	0	0	0	0	0	0	0	0	0	0	0	0	0	0	1	0	0	0	0	0	0	0	0	0	0	0	0	0	0	0	0	0	0	0	0
YJL190C	1	1	1	0	4	4	3	3	3	9	5	1	1	4	0	6	3	0	7	2	3	16	2	7	16	9	11	41	16	27	49	42	75	43	64	91	18	108	53	25	50	15	6	8	1	0	3	0
YLL025W	0	0	0	0	1	0	0	0	0	0	0	0	0	0	0	0	0	0	0	0	0	0	0	0	0	0	0	0	0	0	0	0	0	0	1	1	1	2	1	0	1	0	2	0	0	0	0	0
YGR196C	2	0	0	0	0	0	0	0	0	0	0	0	0	0	0	0	0	0	0	0	0	0	0	0	0	0	0	0	0	0	0	0	0	0	0	0	0	0	0	0	0	0	0	0	0	0	0	0
YAR075W	2	1	1	1	2	0	0	1	1	0	2	0	0	3	0	1	0	1	1	1	0	1	6	1	5	3	0	17	5	9	34	25	46	45	67	84	28	67	93	28	84	25	40	12	1	7	0	0
YPL026C	0	0	0	0	0	0	0	0	0	0	0	0	0	0	0	0	0	0	0	0	0	0	0	0	0	0	0	0	0	0	0	1	1	0	0	0	0	1	0	0	0	0	0	0	0	0	0	0
YBR118W	358	380	379	460	668	399	623	724	660	467	957	713	648	1213	452	1173	813	602	1233	1392	1391	2104	2545	1568	8369	2988	3239	21522	5992	21279	40799	38880	57156	61647	86477	91555	35197	116903	95463	30890	114219	22436	28346	21617	4810	3983	2312	2122
YDR433W	0	0	0	0	0	0	0	0	0	0	0	0	0	0	0	0	0	0	0	0	0	0	0	0	0	0	0	0	0	0	0	0	0	0	2	0	0	0	0	0	0	0	0	0	0	0	0	0
YKL081W	0	2	1	0	1	0	1	1	0	4	0	1	1	1	0	3	1	0	1	3	0	0	1	3	3	1	1	3	3	3	4	11	18	10	52	4	30	11	38	14	17	0	19	1	0	3	0	0
YPR132W	14	9	20	15	18	22	19	23	25	28	34	24	16	31	8	25	22	29	61	40	57	54	64	46	221	71	79	658	127	472	1223	876	1193	1860	1886	1763	1058	2471	2286	692	2160	580	575	335	97	78	32	34
YHR211W	0	0	0	0	0	0	0	0	0	0	0	0	0	0	0	0	0	0	0	0	0	0	0	0	0	0	0	0	0	0	0	1	0	1	2	1	0	2	1	2	6	3	1	2	0	0	0	0
YOL013W-A	40	16	2149	29	8	10855	48	25	8518	210	21	836	153	14	542	24	24	216	34	23	72	40	13	36	62	36	62	104	27	591	45	64	2116	14	290	1524	21	498	146	125	571	124	267	85	217	40	76	367
YNL301C	8	15	24	12	10	20	15	17	15	22	18	10	22	24	24	38	18	28	73	29	38	85	42	61	234	76	101	942	118	532	1188	730	2085	1450	1677	2619	1600	2109	1247	1393	1589	438	463	350	152	95	29	37
YAR027W	0	0	0	0	0	0	0	0	0	0	0	0	0	1	0	0	0	0	0	0	0	0	0	0	0	0	0	1	0	1	0	1	3	0	0	8	2	10	2	1	2	0	0	1	0	0	0	0
YCR014C	0	0	0	0	0	0	0	2	0	0	0	0	0	0	0	0	0	0	0	0	0	0	0	0	0	0	0	0	0	0	0	0	0	0	0	0	0	0	0	0	0	0	0	0	0	0	0	0
YHR021C	1	2	0	1	0	1	0	2	0	0	0	0	0	0	0	0	0	0	0	0	0	0	0	1	0	0	0	0	0	0	0	0	0	0	0	0	0	0	0	0	0	0	0	0	0	0	0	0
YLL010C	0	0	0	0	0	0	0	0	0	0	0	0	0	0	1	0	0	0	0	0	0	0	0	0	0	0	0	0	0	0	0	0	0	0	0	0	0	0	0	0	0	0	0	0	0	0	0	0
YJL034W	4	6	6	4	6	9	6	5	8	5	6	11	7	10	1	4	4	2	8	0	0	7	0	0	0	2	1	1	0	8	0	0	19	0	3	19	0	5	7	0	1	0	0	0	0	0	0	0
YCR088W	0	0	0	1	0	0	0	0	0	0	0	0	0	0	0	0	0	0	0	0	0	0	0	0	0	0	0	0	0	0	0	0	0	0	0	0	0	0	0	0	0	0	0	0	0	0	0	0
YNR073C	0	0	0	0	0	0	0	0	0	0	0	0	0	1	0	0	0	0	0	0	0	0	0	0	0	0	1	0	1	0	0	1	1	1	3	6	1	5	1	0	3	1	0	1	0	0	0	0
YLR158C	0	0	0	0	0	0	0	0	0	0	0	0	0	0	0	0	0	1	0	0	2	0	0	0	0	1	0	1	1	2	1	2	4	11	7	9	6	10	16	1	10	14	3	3	0	0	1	0
YHL034C	0	1	0	0	0	0	0	0	0	0	0	0	0	0	0	0	0	0	0	0	0	0	0	0	0	0	0	0	0	0	0	0	0	0	0	0	0	0	0	0	0	0	0	0	0	0	0	0
YML024W	5	8	10	10	11	16	13	17	18	8	24	10	10	28	5	16	15	14	23	24	20	54	42	40	100	52	64	419	89	312	524	541	869	969	1401	1392	716	1710	1285	593	1247	233	476	226	28	54	18	29
YGR034W	2	3	5	7	10	3	5	14	2	5	8	7	4	10	10	8	11	8	7	15	12	24	20	28	58	21	21	150	43	160	298	171	521	356	449	861	283	700	710	232	682	347	167	203	53	34	18	5
YML093W	0	0	1	0	0	0	0	0	0	0	0	0	0	0	0	0	0	0	0	0	0	0	0	0	0	0	0	0	0	0	0	0	0	0	0	0	0	0	0	0	0	0	0	0	0	0	0	0
YMR083W	1	0	1	0	0	0	0	0	0	0	0	1	0	0	0	0	0	0	0	0	0	0	0	0	0	0	0	0	0	0	0	0	3	0	0	1	0	0	0	0	0	0	0	0	0	0	0	0
YOR131C	1	0	0	0	0	0	0	0	0	0	0	0	0	0	0	0	0	0	0	0	0	0	0	0	0	0	0	0	0	0	0	0	0	0	0	0	0	0	0	0	0	0	0	0	0	0	0	0
YDR542W	0	0	0	0	0	0	0	0	0	0	0	0	1	0	0	0	0	0	0	0	0	0	0	0	0	0	0	1	0	0	1	0	0	0	0	0	0	1	1	1	3	0	0	0	0	0	0	0
YAL021C	0	0	1	0	0	0	0	0	0	0	1	0	0	0	0	0	1	0	0	0	0	0	0	1	0	0	0	0	0	0	0	0	0	0	1	0	2	1	0	0	3	0	0	0	0	0	1	1
YGL259W	0	0	2	0	0	0	0	0	0	0	0	0	0	0	0	0	0	0	0	0	0	0	0	0	0	0	0	0	0	0	1	0	0	0	0	0	0	0	2	0	0	0	0	0	0	0	0	0
YOR054C	0	0	0	0	2	0	0	2	0	0	0	0	1	0	0	0	1	0	0	1	0	0	1	0	0	0	0	0	0	2	0	18	0	1	12	2	0	3	12	0	15	0	0	5	0	0	0	0
YGR106C	0	1	0	0	0	0	0	0	0	0	0	0	0	0	0	0	0	0	0	0	0	0	0	0	0	0	0	0	0	0	0	0	0	0	0	0	0	0	0	0	0	0	0	0	0	0	0	0
YNL033W	0	0	0	0	0	0	0	0	0	0	0	0	0	0	0	0	0	0	0	0	0	0	0	0	0	0	0	1	0	3	1	0	2	0	4	3	1	3	1	0	1	0	0	0	0	0	0	0
YOR182C	5	3	1	9	15	7	8	4	5	13	11	8	10	10	8	12	7	6	15	14	12	31	14	11	73	28	23	270	30	159	526	212	484	538	618	784	313	945	500	403	505	174	235	94	28	21	6	8
YGR159C	2	0	0	0	0	0	0	0	0	0	0	0	0	0	0	0	0	1	0	0	0	0	0	0	0	0	0	0	0	0	0	0	0	1	0	0	0	0	0	0	0	0	0	0	0	0	0	0
YPL278C	0	0	0	0	0	0	0	0	0	0	0	1	0	0	0	0	0	0	0	0	0	0	0	0	0	0	0	0	0	0	0	2	0	0	0	0	1	1	0	0	1	0	0	1	0	0	0	0
YOR192C-B	2	1	10	3	4	2	4	10	17	9	8	18	10	14	3	8	4	7	15	17	11	21	26	29	54	33	46	141	55	195	269	280	574	401	619	912	420	877	980	325	752	301	273	171	86	58	31	32
YOR192C-A	2	1	5	2	3	3	3	5	6	6	5	13	2	7	1	3	4	3	0	13	3	13	9	13	26	12	20	64	32	88	117	135	285	201	280	464	220	427	473	168	374	145	145	85	54	38	18	17
YCL065W	0	0	0	0	0	0	0	0	0	0	0	0	0	0	0	0	0	0	0	0	0	1	0	0	0	0	0	0	0	0	0	0	0	0	0	0	1	0	1	0	2	0	0	0	1	0	0	0
YOR153W	0	0	0	0	0	0	0	0	0	0	0	0	0	0	0	0	0	0	0	0	2	0	0	0	0	0	0	0	0	1	0	0	0	0	0	0	0	0	0	0	0	0	0	0	0	0	0	0
YER011W	0	0	5	0	0	0	0	0	3	3	0	0	4	0	0	9	0	0	4	0	3	3	23	0	9	0	0	43	18	18	51	76	101	158	159	155	87	221	179	112	430	27	66	44	9	9	6	3
YCR037C	0	0	0	0	0	0	0	0	0	0	0	0	0	0	0	0	0	0	0	0	0	0	0	0	0	0	0	0	0	0	0	0	0	0	0	0	0	0	0	0	0	0	1	0	0	0	0	0
YOR009W	0	0	0	0	0	0	0	3	0	0	0	0	0	0	0	0	0	0	0	0	0	0	0	0	0	0	0	0	0	0	3	0	0	6	3	3	10	0	1	0	3	0	0	0	0	0	0	0
YPR022C	0	0	2	0	0	0	0	0	0	0	0	0	0	1	0	0	0	0	0	0	0	0	0	0	0	0	0	0	0	0	0	1	1	0	0	5	0	0	4	0	0	0	1	0	0	0	0	0
YLR110C	1	6	4	0	3	0	0	1	0	0	0	0	0	3	0	0	1	0	0	0	0	0	0	0	0	0	1	0	2	1	1	7	4	0	24	12	0	56	10	0	72	5	1	13	2	0	4	1
YDL188C	0	0	2	1	2	0	0	3	1	0	4	3	0	1	0	0	1	0	2	2	1	5	0	0	7	2	0	10	6	41	22	31	67	55	73	89	36	80	102	26	104	24	22	17	4	1	2	2
YPL143W	1	2	3	2	2	5	2	7	1	1	2	4	2	6	3	4	2	0	2	0	3	7	0	6	18	3	4	43	2	44	74	31	175	96	94	35	78	16	49	4	24	17	3	10	0	0	0	0
YDL134C	0	0	2	1	2	0	0	3	1	0	4	3	0	1	0	0	1	0	2	2	1	5	0	0	7	2	0	10	6	41	22	31	67	55	73	89	36	80	102	26	104	24	22	17	4	1	2	2
YBR218C	0	2	1	0	4	1	0	0	1	0	5	1	3	4	4	2	2	1	4	4	2	4	5	4	10	8	9	28	12	60	73	74	178	77	198	227	89	221	221	50	234	43	38	49	12	10	6	3
YMR321C	0	2	2	1	0	0	1	0	1	0	0	2	0	3	0	0	0	0	5	5	1	1	2	0	10	2	1	40	9	28	37	29	53	63	89	82	41	126	79	22	111	14	20	14	2	1	0	6
YBL003C	7	3	4	2	2	4	4	1	7	3	5	4	11	2	3	6	4	9	3	2	6	11	10	14	55	16	16	90	15	165	148	111	251	225	201	377	122	244	525	118	303	118	114	69	18	16	11	4
YDR224C	1	0	1	1	3	2	4	1	1	0	2	1	1	0	1	0	1	0	1	2	0	1	3	5	7	2	0	17	2	2	15	9	11	10	62	0	13	74	4	4	31	1	1	16	0	0	0	0
YJR045C	2	6	3	1	7	1	1	3	2	1	3	0	5	1	0	0	4	7	4	5	1	7	2	4	0	3	5	11	8	5	7	0	2	0	1	1	0	1	4	0	0	0	0	0	0	0	0	0
YHR126C	2	0	0	0	0	0	0	0	0	2	0	0	0	0	0	0	0	0	0	1	0	0	0	0	0	0	0	0	0	0	0	0	0	0	0	0	0	0	0	0	0	0	0	0	0	0	0	0
YIL125W	0	0	0	0	0	0	0	0	0	2	0	0	0	0	0	0	0	0	0	0	0	0	0	0	0	0	0	0	0	0	0	0	0	0	0	0	0	0	0	0	0	0	0	0	0	0	0	0
YKL054C	0	0	1	0	0	0	0	0	0	0	0	0	0	5	4	0	1	0	0	0	0	0	0	0	4	0	3	7	6	9	0	22	61	17	63	107	42	75	90	51	48	22	42	8	14	6	2	3
YAL062W	0	0	0	0	0	0	0	0	0	0	0	0	0	2	1	0	0	0	0	0	0	0	0	0	1	0	0	6	0	2	0	12	3	9	17	4	2	1	8	0	11	0	0	1	0	0	0	0
YLR390W-A	0	0	0	0	0	0	0	0	0	0	0	0	0	0	0	0	0	2	0	0	0	2	0	0	12	2	0	24	2	10	54	10	8	46	38	12	54	74	8	20	58	0	32	4	0	6	0	0
YMR008C	0	0	0	0	0	0	0	0	0	0	0	0	0	2	0	0	0	0	0	0	0	0	0	0	1	0	2	0	3	0	1	1	2	0	1	1	0	2	5	1	0	3	0	0	0	0	0	0
YJL136C	8	3	4	4	8	4	0	4	2	1	4	5	5	7	2	7	4	0	10	5	4	7	7	3	20	16	3	92	26	48	44	157	154	108	433	202	96	362	200	37	130	64	19	55	8	1	0	2
YMR194W	4	4	2	6	6	3	9	7	1	6	18	3	4	9	0	11	8	3	17	13	3	17	20	10	104	24	22	335	59	77	987	363	191	954	966	296	669	1971	395	1113	1364	150	811	261	42	104	38	37
YKL148C	0	0	2	0	0	0	0	0	0	0	0	0	0	0	0	0	0	0	0	0	0	0	0	0	0	0	0	0	0	0	0	0	0	0	0	0	0	0	0	0	0	0	0	0	0	0	0	0
YDL133C-A	18	13	14	30	10	19	30	13	28	38	19	35	51	26	28	53	50	42	123	65	84	198	114	102	604	154	201	1224	265	1468	2160	1634	2951	2469	2482	3617	2330	3051	3134	2405	2440	550	1002	383	193	99	14	49
YOL086C	27	41	47	26	73	52	43	99	53	46	143	92	36	149	50	97	144	63	114	131	133	172	312	176	734	335	259	1735	571	1972	3104	3412	5706	3901	8502	7896	2444	10604	8990	1889	9343	2181	1640	2290	358	258	301	220
YDR080W	0	0	0	0	0	0	0	0	0	0	0	0	0	0	0	0	1	0	0	0	0	0	0	0	0	0	0	0	0	0	0	0	1	0	0	0	0	0	1	0	0	0	0	0	1	0	0	1
YER117W	14	11	10	20	21	22	12	26	33	11	28	21	17	42	11	36	19	18	38	37	35	74	44	53	224	80	78	617	156	556	965	930	1748	1393	2396	2230	829	2500	2115	686	1821	399	423	292	57	56	24	24
YPL273W	0	2	2	1	0	0	1	0	1	0	0	2	0	3	0	0	0	0	5	5	1	1	2	0	10	2	1	40	9	28	37	29	53	63	89	82	41	126	79	22	111	14	20	14	2	1	0	6
YBR048W	14	18	7	19	10	9	12	15	17	14	22	11	12	22	11	30	16	15	18	30	31	42	55	38	117	54	45	437	141	230	693	559	864	869	1430	1206	656	2046	1378	475	1964	371	338	386	74	66	44	47
YKL028W	0	0	0	0	0	0	0	0	0	0	0	0	0	0	0	0	2	0	0	0	0	0	1	0	0	0	0	0	0	3	0	3	3	0	3	0	0	0	2	0	3	0	0	0	3	0	0	0
YNL162W	17	17	14	18	22	13	14	28	21	13	27	39	22	40	17	30	28	29	52	57	49	75	91	51	249	114	118	661	263	633	1318	1242	1812	1665	2693	2775	1273	3558	2714	1104	2814	816	988	562	164	163	59	127
YLR406C	4	3	2	0	0	0	0	2	0	0	1	4	1	3	0	1	0	0	2	2	1	0	0	2	1	2	1	2	3	0	0	0	4	0	0	9	1	2	11	0	0	2	1	0	0	0	0	0
YCL068C	0	0	0	0	0	1	0	0	0	0	0	0	0	0	1	0	0	0	0	0	0	0	0	0	0	0	2	1	0	2	5	4	4	3	7	8	0	8	2	3	1	1	1	2	0	0	0	0
YGL051W	0	0	0	0	0	2	0	0	0	0	0	0	0	0	0	0	0	0	0	0	0	0	0	0	1	0	1	0	0	2	2	1	5	5	18	7	3	15	9	6	8	6	4	3	0	0	2	1
YDL247W	0	0	0	0	0	0	0	0	0	0	0	0	1	0	0	0	0	0	0	0	0	0	0	0	0	0	0	0	0	0	0	0	0	0	0	0	0	1	0	0	0	0	0	1	0	0	0	0
YAR070C	0	0	0	0	0	0	0	0	0	0	0	0	0	0	0	0	0	0	0	0	0	0	0	0	0	0	0	0	0	0	0	0	0	0	0	0	1	0	0	1	0	0	0	0	0	0	0	0
YKL180W	4	9	9	1	15	16	3	5	8	3	7	4	13	10	4	11	7	7	12	17	14	17	36	11	64	36	29	154	67	261	215	288	461	291	468	680	143	496	582	84	333	102	58	50	9	9	0	5
YGR122C-A	0	0	0	0	0	0	0	0	0	0	0	0	0	0	0	0	0	0	0	0	0	0	0	0	0	0	1	0	0	0	1	1	0	4	2	0	2	1	3	1	1	4	1	0	0	0	0	0
YHL046C	0	0	0	0	0	0	0	0	0	0	0	0	1	0	0	0	0	0	0	0	0	0	0	0	0	0	0	1	0	0	1	0	0	0	0	0	0	1	1	1	3	0	0	0	0	0	0	0
YKL139W	0	0	0	0	0	0	0	0	0	0	0	0	0	0	0	0	0	0	0	0	0	0	0	0	0	0	0	0	0	0	0	0	0	0	0	1	0	0	0	0	0	0	0	0	0	0	0	0
YDR150W	0	0	0	0	8	0	0	0	5	0	0	0	0	5	3	0	0	0	0	11	0	0	4	0	5	9	9	30	5	148	49	103	202	78	240	323	77	210	244	62	221	85	40	28	9	8	3	14
YHR047C	0	0	0	0	0	2	0	0	1	0	0	0	0	0	0	0	0	0	0	0	0	0	0	1	0	0	0	0	0	0	0	0	0	0	0	0	0	0	0	0	0	0	0	0	0	0	0	0
YIR041W	0	0	0	0	0	0	0	0	0	0	0	0	1	0	0	0	0	0	0	0	0	0	0	0	0	0	0	0	0	0	0	0	0	0	0	0	0	0	0	0	0	0	0	0	0	0	0	0
YDL083C	9	6	5	3	6	6	4	3	3	5	7	10	4	5	3	7	4	5	15	4	4	8	18	21	23	17	25	96	22	156	141	66	436	299	213	520	239	130	681	144	124	192	110	56	33	30	8	67
YLL039C	4	8	2	15	17	3	2	12	0	0	12	3	4	3	4	0	8	5	9	2	14	4	6	11	26	9	7	67	19	43	72	73	133	170	176	300	81	254	249	90	179	45	72	44	14	0	6	2
YJR094W-A	4	1	2	3	1	2	5	2	1	1	3	1	2	0	1	4	0	4	5	0	2	12	4	4	15	2	13	19	4	58	49	50	143	63	127	239	49	94	152	86	43	4	49	3	3	2	0	1
YEL030W	0	1	0	4	2	0	0	3	0	0	0	0	0	0	0	0	0	0	0	0	0	0	0	0	0	0	0	0	0	0	0	0	0	0	0	0	0	0	0	0	2	0	0	0	0	0	0	0
YNL027W	0	0	2	0	0	0	0	0	0	0	0	0	0	1	2	0	1	0	0	0	0	0	0	1	0	0	0	0	0	0	0	0	0	0	0	5	0	0	2	0	0	0	0	0	0	0	0	0
YHR215W	10	3	3	8	7	6	11	12	8	9	8	6	2	20	9	14	13	7	15	15	19	19	39	22	90	48	48	245	98	298	450	516	893	719	1244	1209	469	1634	1432	425	1515	323	407	355	69	56	41	30
YCR108C	0	0	0	0	0	0	0	0	0	0	0	0	0	0	0	0	0	0	0	0	0	0	0	0	0	0	0	0	0	0	0	2	0	0	0	0	0	0	0	0	1	0	0	0	0	0	0	0
YLL045C	11	19	19	17	19	17	26	27	25	22	26	20	29	40	6	28	25	9	42	59	26	65	71	32	172	87	69	482	131	383	862	891	1162	1388	2211	1860	1012	2769	1868	885	2404	416	617	468	139	116	39	106
YNL337W	0	0	0	0	0	0	0	0	0	0	0	0	0	0	0	0	0	0	0	0	0	0	0	0	0	0	0	0	0	0	0	0	0	0	0	0	0	0	0	1	0	0	0	0	0	0	0	0
YNL327W	0	0	0	0	0	0	0	0	0	0	0	0	0	0	0	2	0	0	0	0	0	0	0	0	0	0	0	12	0	6	8	4	16	20	16	22	6	4	12	8	12	2	12	4	0	4	0	0
YDR210W	0	0	0	0	2	2	0	0	0	0	0	0	0	0	0	0	0	0	0	0	0	0	0	0	0	0	0	0	0	0	0	0	0	0	0	0	0	0	0	0	0	0	0	0	0	0	0	0
YDL131W	3	5	3	1	8	2	3	4	5	2	6	4	6	10	9	12	4	2	8	8	15	12	23	12	56	11	14	179	39	157	317	309	420	426	631	707	302	834	691	233	766	177	158	162	28	40	14	10
YFR040W	0	0	0	0	0	0	0	0	0	0	0	0	0	0	0	0	0	0	0	2	0	0	0	0	0	0	0	0	0	0	0	0	0	0	0	0	0	0	0	0	0	0	0	0	0	0	0	0
YML124C	0	0	0	0	2	0	0	0	0	0	0	0	0	0	0	0	0	0	0	0	0	0	1	0	0	0	0	0	0	2	0	5	2	2	2	0	0	0	0	0	0	0	0	0	0	0	0	0
YKR066C	0	0	0	0	0	0	0	0	0	0	0	0	0	0	0	0	0	0	0	0	0	1	0	0	0	0	0	0	0	0	0	0	0	0	0	0	0	0	0	0	0	0	0	0	0	0	0	0
YLR081W	0	0	0	0	0	0	0	0	0	0	0	0	0	0	0	0	0	0	0	0	1	1	0	0	0	0	0	0	2	0	0	1	0	0	4	0	0	3	0	0	1	0	0	0	0	0	0	0
YPR196W	0	0	0	0	0	0	0	0	0	0	0	0	0	0	0	0	0	0	0	0	0	0	0	0	0	0	0	0	2	0	1	2	0	0	0	3	0	1	1	1	2	0	0	0	0	0	0	0
YGR087C	7	5	4	1	4	2	3	6	3	5	6	1	0	2	3	3	3	0	2	1	5	0	2	3	0	13	1	16	0	2	0	2	30	0	1	15	0	1	8	0	4	2	0	0	0	0	0	0
YGL008C	5	1	0	2	5	3	1	6	8	0	9	1	4	1	2	3	0	2	7	7	0	6	8	2	11	7	13	40	11	53	71	50	94	134	106	127	90	179	159	83	145	45	60	15	8	5	1	5
YDR170C	0	0	0	0	0	0	0	0	0	0	0	0	0	0	1	0	0	0	0	0	0	0	0	0	0	2	0	0	0	23	0	0	19	0	2	6	0	2	25	0	0	6	2	0	0	2	0	4
YCL025C	0	0	0	0	0	0	0	0	0	0	0	0	0	0	0	0	0	0	0	0	0	0	0	0	0	0	0	1	1	0	5	1	3	4	3	2	1	17	3	2	14	0	1	1	0	0	0	0
YBL075C	2	0	0	0	0	5	0	0	1	0	0	2	0	0	0	0	0	0	0	0	0	0	0	1	0	0	1	0	0	0	0	0	0	0	0	0	0	0	0	0	0	0	0	0	0	0	0	0
YOR072W-B	40	16	2149	29	8	10855	48	25	8518	209	21	836	153	14	542	24	24	216	34	20	72	40	13	36	62	33	61	104	23	591	44	63	2116	11	230	1523	17	426	145	113	568	124	266	83	217	40	65	367
YLR103C	0	0	2	0	0	0	0	0	0	0	0	0	0	0	0	0	0	0	0	0	0	0	0	0	0	0	0	0	0	0	0	0	0	0	0	0	0	0	0	0	0	0	0	0	0	0	0	0
YCR087W	0	4	0	0	0	0	0	0	0	0	0	0	0	0	0	0	0	0	0	0	0	0	0	0	0	0	0	0	0	0	0	0	0	0	0	0	0	0	0	0	0	0	0	0	0	0	0	0
YLR340W	3	3	2	0	3	2	0	15	1	0	4	0	0	12	0	0	8	0	1	0	2	0	0	2	0	0	0	0	0	6	0	4	21	0	7	24	1	4	70	0	8	19	0	0	0	0	0	0
YDL137W	1	4	2	0	0	0	1	1	2	0	4	2	0	5	0	0	1	0	4	0	5	4	1	2	2	1	1	7	2	29	14	21	24	17	52	82	31	65	81	32	31	13	12	9	2	2	4	2
YGL189C	11	7	3	6	4	4	2	4	4	4	10	2	0	15	5	7	0	5	11	10	12	19	20	5	40	17	2	88	17	65	142	96	111	147	293	113	103	285	148	73	333	23	68	58	15	0	1	7
YNL302C	9	14	9	2	11	12	8	17	9	3	13	18	4	19	16	9	19	10	12	10	27	27	31	20	110	33	42	329	70	320	605	384	903	794	845	1008	422	871	1281	261	842	296	241	102	79	23	3	24
YPR163C	0	2	0	0	4	8	2	4	13	0	2	4	0	2	2	0	2	10	2	4	8	10	2	16	22	4	10	90	4	100	98	36	214	100	130	216	92	98	236	56	96	64	58	24	8	0	0	14
YNL096C	9	3	0	8	4	1	8	7	6	6	13	3	9	7	6	6	8	6	14	16	3	24	23	18	45	20	39	183	39	193	290	152	678	339	407	918	385	445	673	320	410	162	177	62	15	45	7	14
YOR394W	0	0	0	0	0	0	0	0	0	0	0	0	1	0	0	0	0	0	0	0	0	0	0	0	0	0	0	0	0	0	0	0	0	0	0	1	1	2	0	0	1	0	0	0	0	0	0	0
YHR095W	0	0	0	0	0	0	0	0	0	0	0	0	0	0	0	0	0	0	0	0	0	0	0	0	1	0	0	0	0	0	0	0	0	0	0	0	0	0	0	0	0	0	0	0	0	0	0	0
YGR287C	0	0	0	0	0	0	0	0	0	1	0	0	0	0	0	0	0	0	0	0	0	0	0	0	0	2	0	0	3	1	0	0	1	1	2	3	1	0	3	0	5	0	1	0	0	1	0	0
YGR130C	0	0	0	0	0	0	0	0	0	0	0	0	0	0	0	0	0	0	0	0	0	0	0	0	0	0	0	2	0	0	0	0	1	0	2	0	0	0	0	0	0	0	0	0	0	0	0	0
YDL192W	1	4	2	0	0	0	1	1	2	0	4	2	0	5	0	0	1	0	4	0	5	4	1	2	2	1	1	7	2	29	14	21	24	17	52	82	31	65	81	32	31	13	12	9	2	2	4	2
YMR170C	0	0	0	0	0	0	0	0	0	0	0	0	0	1	0	0	0	2	0	0	1	0	2	0	2	4	0	5	3	12	10	17	27	29	26	28	13	46	31	17	42	7	8	11	1	3	0	2
YCR106W	0	0	0	0	0	0	0	0	0	0	0	0	0	0	0	0	0	0	0	0	0	0	0	0	0	2	0	0	0	0	0	1	0	0	2	0	0	3	2	2	1	0	0	2	0	0	0	0
YDR502C	0	0	1	1	1	0	0	5	2	4	1	2	1	1	0	3	0	2	0	1	0	3	3	1	12	5	6	54	6	35	59	64	136	104	116	141	72	162	200	30	185	32	24	28	9	7	0	3
YER062C	0	0	0	0	0	0	0	0	0	0	0	1	1	0	0	2	1	0	1	0	0	0	0	0	0	0	0	0	0	2	0	0	4	0	0	8	0	0	16	0	0	1	0	0	0	0	0	0
YGL261C	0	0	0	0	0	0	0	0	0	0	0	0	1	0	0	0	0	0	0	0	0	0	0	0	0	0	0	1	0	0	1	0	0	0	0	0	0	1	1	0	2	0	0	0	0	0	0	0
YPL282C	0	0	0	0	0	0	0	0	0	0	0	0	1	0	0	0	0	0	0	0	0	0	0	0	0	0	0	0	0	0	0	0	0	0	0	1	1	2	0	0	1	0	0	0	0	0	0	0
YMR158C-A	0	0	0	0	0	0	0	0	0	0	0	0	0	0	0	0	0	0	0	0	0	0	0	0	0	0	0	0	0	0	0	0	0	0	0	0	0	0	1	0	0	0	0	0	0	0	0	0
YHR092C	1	0	1	0	1	1	0	1	0	0	0	2	3	1	0	0	0	2	4	0	2	2	2	1	4	1	0	14	5	10	17	18	61	40	89	33	48	72	58	22	49	7	16	10	1	5	3	4
YIL148W	12	20	16	35	31	36	29	40	47	16	29	63	23	38	14	39	29	32	45	39	47	50	90	55	219	102	126	652	178	658	1133	973	2482	1872	2223	4444	1475	3293	3579	1075	2504	722	948	585	108	132	50	66
YDL130W	3	2	2	2	10	3	4	24	4	4	8	3	1	18	3	3	16	6	10	7	13	12	13	13	18	19	16	127	33	117	133	245	570	191	542	475	84	467	488	24	429	193	24	75	14	4	0	0
YPL079W	7	7	21	15	25	13	23	19	12	15	23	21	19	39	16	18	31	8	27	45	25	36	52	38	109	60	60	357	124	527	494	833	1217	1032	2072	1392	738	2046	1683	481	2174	478	391	407	57	74	19	28
YKL163W	2	3	3	0	1	4	2	1	5	1	3	2	4	3	0	2	4	2	2	3	4	5	9	5	17	7	9	35	17	71	47	67	233	139	201	449	98	295	460	113	316	112	94	73	34	26	9	27
YDR443C	0	0	1	0	0	0	0	0	0	0	0	0	0	0	0	0	0	0	0	0	0	0	0	0	0	0	0	0	0	0	0	0	0	0	0	0	0	0	0	0	0	0	0	0	0	0	0	0
YJL141C	0	0	0	0	0	0	0	0	0	0	0	0	0	0	1	0	0	0	0	0	0	0	0	0	0	0	0	0	0	0	0	0	0	0	0	0	0	0	0	0	0	0	0	0	0	0	0	0
YFR008W	0	0	0	0	0	0	0	0	0	0	0	0	0	0	0	0	0	0	0	0	0	0	0	0	0	0	0	0	0	0	0	0	0	0	1	0	0	0	1	0	0	0	0	0	0	0	0	0
YLR155C	0	0	0	0	0	0	0	0	0	0	0	0	0	0	0	0	0	1	0	0	2	0	0	0	0	1	0	1	1	2	1	2	4	11	7	9	6	10	16	1	10	14	3	3	0	0	1	0
YEL069C	0	0	0	0	0	0	0	0	0	0	0	0	0	0	0	0	0	0	0	0	0	0	0	0	0	0	0	0	0	1	0	0	0	0	0	0	0	0	0	0	0	0	0	0	0	0	0	0
YBL087C	14	11	10	20	21	22	12	26	33	11	28	21	17	42	11	36	19	18	38	37	35	70	48	53	224	79	79	614	162	553	960	931	1752	1396	2395	2228	829	2499	2116	686	1821	399	424	291	57	56	24	24
YDL075W	4	3	2	0	0	0	0	2	0	0	1	4	1	3	0	1	0	0	2	2	1	0	0	2	1	2	1	2	3	0	0	1	3	0	0	9	1	2	11	0	0	2	1	0	0	0	0	0
YER150W	0	0	0	0	0	0	0	0	0	0	0	0	0	2	0	0	0	0	0	0	0	0	0	0	0	0	0	0	0	0	0	0	0	0	0	0	0	0	0	0	0	0	0	0	0	0	0	0
YGL058W	0	1	0	0	0	2	0	2	0	0	0	1	0	0	0	0	0	0	0	0	0	0	0	0	0	0	0	0	0	0	0	0	0	0	0	0	0	0	2	0	2	0	1	1	0	0	0	0
YDL061C	1	0	1	0	0	5	1	2	2	2	0	2	0	5	1	1	2	2	1	2	0	0	2	1	12	6	4	20	9	21	1	19	93	5	53	78	2	13	21	0	3	6	0	0	0	0	0	0
YLR441C	10	7	5	13	18	8	11	18	12	4	15	6	11	24	7	26	13	17	25	26	26	44	35	20	114	45	52	223	79	249	402	423	638	697	861	1105	406	1275	1169	447	972	247	290	170	42	32	15	11
YEL054C	12	6	14	9	8	9	5	13	7	5	11	12	10	13	0	7	14	10	22	30	20	45	30	29	143	66	48	390	96	274	621	664	893	763	1449	1220	672	1681	888	582	1383	249	392	229	57	44	17	11
YDL248W	0	1	0	1	2	1	0	1	1	0	0	1	0	0	0	0	0	1	0	4	1	5	0	3	5	3	2	11	3	25	42	13	61	38	87	111	34	113	71	46	50	17	21	22	12	6	0	2
YGR187C	1	0	0	0	0	0	0	0	0	0	0	0	0	0	0	0	0	0	0	0	0	0	0	0	0	0	0	0	0	0	0	0	0	0	0	0	0	0	0	0	0	0	0	0	0	0	0	0
YKR092C	0	0	0	0	3	0	3	0	0	0	0	0	0	0	0	0	2	0	0	0	0	0	0	0	0	0	0	0	0	0	0	0	0	2	4	0	0	1	0	0	2	0	0	0	0	0	0	0
YOR259C	0	0	0	0	0	0	0	0	0	0	0	1	0	0	0	0	0	0	0	0	0	0	0	0	0	0	0	0	0	0	0	0	0	0	0	0	0	0	0	0	0	0	0	0	0	0	0	0
YPR001W	0	0	1	0	0	0	0	0	0	0	0	0	0	0	0	0	0	0	0	0	0	0	0	0	0	0	0	0	0	0	0	0	0	0	0	0	0	0	0	0	0	0	0	0	0	0	0	0
YNL034W	0	0	0	0	0	0	0	0	0	0	0	0	0	0	0	0	0	0	0	0	0	0	0	0	0	0	0	0	0	1	0	0	2	0	0	3	0	0	0	2	0	0	0	0	0	0	0	0
YOR229W	0	0	0	0	0	0	0	1	0	0	0	0	0	0	0	0	0	0	0	0	0	0	0	0	0	0	0	0	0	0	0	0	0	0	0	0	0	0	0	0	0	0	0	0	0	0	0	0
YNL018C	0	0	0	0	0	0	0	0	0	0	0	0	0	0	0	0	0	0	0	0	0	0	0	0	0	0	0	0	0	1	0	0	2	0	0	3	0	0	0	2	0	0	0	0	0	0	0	0
YDR447C	5	8	10	10	11	16	13	17	18	8	24	10	10	28	5	16	15	14	23	24	20	55	42	39	97	55	64	418	92	310	524	543	867	969	1398	1395	717	1710	1284	593	1247	233	477	226	27	54	18	29
YJR009C	201	258	197	270	465	283	339	596	332	275	689	377	346	738	198	545	465	318	658	680	532	1105	1210	743	3686	1555	1435	10426	2962	9213	18051	17859	28356	28809	42780	43641	16982	58474	44607	15136	58811	9338	11771	10312	1750	2306	1242	650
YLL024C	100	88	100	96	186	138	149	206	153	120	285	213	138	257	115	254	222	173	279	329	327	486	631	370	1628	722	708	4463	1506	4811	8788	9216	13483	14012	20936	20962	8766	28660	23542	8009	27731	5127	6893	5360	828	1109	491	352
YJL159W	12	22	27	22	20	9	49	37	20	11	23	16	17	26	20	32	17	15	43	47	51	78	57	53	201	53	87	486	89	750	697	804	1393	1531	1839	1809	932	2190	2067	955	2235	390	755	344	80	62	53	47
YDL243C	0	0	0	0	0	0	0	0	0	0	0	0	0	0	0	0	0	0	0	0	0	0	0	0	0	0	0	0	0	0	0	0	0	2	0	0	1	1	1	0	0	0	0	0	0	0	0	0
YOR375C	0	0	0	0	0	0	0	0	0	0	0	0	0	2	1	0	0	0	0	0	0	0	0	0	1	0	0	6	0	2	0	12	3	9	17	4	2	1	8	0	11	0	0	1	0	0	0	0
YHL048W	0	1	0	1	0	0	0	0	0	0	0	1	0	0	0	2	0	1	0	2	0	0	0	1	1	0	0	4	0	7	9	6	19	9	14	27	6	21	18	6	13	3	8	1	7	2	0	0
YOR211C	0	0	2	0	0	0	0	0	0	0	0	0	0	0	0	0	0	0	0	0	0	0	0	0	0	0	0	0	0	0	0	0	0	0	0	0	0	0	0	0	0	0	0	0	0	0	0	0
YIR010W	0	0	0	0	0	0	0	0	0	0	0	0	0	0	0	0	0	0	0	0	0	0	0	0	0	0	0	0	0	2	0	0	0	2	0	0	0	0	0	0	0	0	0	0	0	0	0	0
YNL209W	74	59	84	67	141	112	126	131	104	78	172	145	145	204	86	197	142	122	222	231	255	345	480	280	1175	568	586	3131	978	3819	5512	6340	9863	8978	14618	14165	5943	19423	15250	5352	19944	3300	4543	3022	584	655	255	248
YOR293W	3	2	8	6	2	6	2	14	8	6	1	5	8	8	3	2	9	5	15	11	14	14	14	9	40	10	20	191	12	122	75	63	327	142	183	321	229	160	468	112	182	96	63	52	11	8	8	1
YML056C	2	1	1	2	8	1	0	2	2	2	1	0	1	3	5	9	1	2	6	9	9	4	7	6	25	12	5	57	14	86	111	115	233	163	239	365	105	312	470	100	297	100	110	57	23	15	10	15
YLR367W	1	1	1	0	4	4	3	3	3	9	5	1	1	4	0	6	3	0	7	2	3	16	2	7	17	8	11	41	16	27	49	42	75	43	64	91	18	108	53	25	50	15	6	8	1	0	3	0
YAR020C	0	0	0	0	0	0	0	0	0	0	0	0	0	0	0	0	0	0	0	0	0	0	0	0	0	0	0	0	0	0	0	0	0	0	0	0	0	0	0	0	0	0	0	0	0	1	0	0
YKL105C	0	0	0	0	0	0	0	0	2	0	0	0	0	0	0	0	0	0	0	0	0	0	0	0	0	0	0	0	0	0	0	0	0	0	0	0	0	0	0	0	0	0	0	0	0	0	0	0
YLR177W	0	0	0	0	0	0	0	0	0	0	0	0	0	0	0	0	0	0	0	0	0	0	0	0	0	0	0	0	0	0	0	0	0	0	1	2	0	0	1	0	0	1	0	0	0	0	0	0
YPR154W	0	0	2	0	0	0	0	0	0	0	0	0	0	0	0	0	0	0	0	0	0	0	0	0	0	0	0	0	0	0	0	1	0	0	0	0	0	0	0	0	0	0	0	0	0	0	0	0
YJL041W	0	0	0	2	0	0	0	0	2	0	0	0	0	0	0	0	0	2	4	0	0	2	0	2	4	12	2	12	8	34	34	32	120	68	78	120	46	104	154	42	106	42	20	18	2	14	0	0
YBL068W	0	0	0	0	0	0	0	0	0	0	0	0	0	0	0	0	0	0	0	0	0	0	0	0	0	0	0	0	0	0	0	0	1	0	0	0	0	0	0	0	0	0	0	0	0	0	0	0
YHR131C	0	2	0	0	4	3	0	2	0	0	0	1	0	0	0	0	0	0	0	0	0	0	0	0	0	0	0	0	0	3	0	0	2	0	0	0	0	0	2	0	2	0	1	1	0	0	0	0
YAR068W	0	0	0	0	0	0	0	0	0	0	0	0	0	0	0	0	0	0	0	0	0	0	0	0	0	0	0	0	0	0	0	1	2	0	0	2	2	4	1	0	0	1	1	0	0	0	0	0
YHR043C	0	0	0	0	0	0	0	1	0	0	0	0	0	0	0	1	0	0	1	0	0	0	2	0	1	3	0	7	0	10	7	12	16	19	29	24	15	17	25	9	28	13	6	3	0	0	0	2
YFR024C-A	0	0	0	0	0	0	0	0	1	0	0	0	0	0	0	0	0	0	0	0	0	0	0	0	0	0	0	0	0	0	0	0	0	0	0	0	0	0	0	0	0	0	0	0	0	0	0	0
YFR031C-A	25	21	28	33	31	54	25	59	56	27	73	68	32	79	29	44	72	37	52	65	84	118	128	104	388	183	197	1345	382	1362	2298	2207	4129	3168	5605	6176	2176	6710	6413	1908	6731	1398	1694	1273	336	319	164	202
YJL052W	97	145	103	119	183	161	168	306	168	135	311	190	156	262	107	263	230	173	302	335	252	597	530	376	1735	689	775	5036	1438	4641	9644	7172	15287	11022	18211	23993	8290	25046	20715	8201	22410	5836	5714	3630	881	1052	309	307
YJL198W	0	0	0	0	0	0	0	0	0	0	0	0	0	0	0	0	0	0	0	0	0	0	0	0	0	0	0	0	0	0	0	0	0	0	0	0	0	0	0	0	0	0	1	0	0	0	0	0
YLR104W	0	0	1	0	0	0	0	0	0	0	0	0	0	0	0	0	0	0	0	0	0	0	0	0	0	0	0	0	0	0	0	0	0	0	0	0	0	0	0	0	0	0	0	0	0	0	0	0
YOL121C	9	14	9	2	11	12	8	17	9	3	13	18	4	19	16	9	19	10	12	10	27	27	31	20	110	33	42	329	70	320	605	384	903	794	845	1008	422	871	1281	261	842	296	241	102	79	23	3	24
YGL076C	19	28	23	33	38	40	45	71	45	21	62	48	58	95	29	70	58	45	78	87	91	155	177	108	501	189	248	1358	423	1404	2750	2538	4387	3848	5910	6999	2762	8488	6779	2603	8239	1767	1933	1494	483	321	189	138
YNL333W	0	0	0	0	0	0	0	0	0	0	0	0	0	0	0	1	0	0	0	0	0	0	2	0	2	0	1	5	0	4	6	6	8	6	8	14	5	18	11	4	22	3	8	0	0	0	0	0
YMR304C-A	0	0	0	0	0	0	0	0	0	0	0	0	0	0	0	0	0	0	0	0	0	0	2	0	1	1	0	1	1	1	1	17	0	6	3	0	0	0	0	0	1	0	0	1	0	0	0	0
YJL223C	0	0	0	0	0	0	0	0	0	0	0	0	1	0	0	0	0	0	0	0	0	0	0	0	0	0	0	1	0	0	0	0	0	0	0	0	0	1	1	1	3	0	0	0	0	0	0	0
YMR169C	0	0	0	0	0	0	0	0	0	0	0	0	0	1	0	0	0	2	0	0	1	0	2	0	2	4	0	5	3	12	10	17	27	29	26	28	13	46	31	17	42	7	8	11	1	3	0	2
YML074C	0	0	1	0	0	0	0	0	0	0	0	0	0	0	0	0	0	0	0	0	0	0	0	0	0	0	0	0	0	4	0	0	7	0	0	3	0	0	4	0	0	0	0	0	0	1	0	0
YCR031C	3	16	5	9	18	4	9	4	11	8	17	11	15	13	3	20	5	15	23	17	18	35	32	23	92	39	31	289	100	241	417	486	564	538	1096	906	384	1328	961	261	1050	167	198	231	36	32	21	6
YPR080W	358	380	379	460	668	399	623	724	660	467	957	713	648	1213	452	1173	813	602	1233	1392	1391	2104	2545	1568	8369	2988	3239	21522	5992	21279	40799	38880	57156	61647	86477	91555	35197	116903	95463	30890	114219	22436	28346	21617	4810	3983	2312	2122
YDR418W	12	6	14	9	8	9	5	13	7	5	11	12	10	13	0	7	14	10	22	30	20	45	30	29	144	65	48	391	97	272	620	663	895	761	1452	1219	670	1684	887	581	1384	249	392	229	57	44	17	11
YEL075W-A	0	0	0	0	0	0	0	0	0	0	0	0	0	0	0	0	0	0	0	0	0	0	0	0	0	0	0	1	0	0	0	0	0	0	0	0	0	0	0	0	0	0	0	0	0	0	0	0
YDR471W	2	2	0	1	4	0	1	1	0	0	5	1	0	6	2	2	0	0	0	0	2	1	4	5	6	5	6	20	7	11	21	17	28	26	55	73	8	34	83	2	12	20	0	1	1	0	0	0
YMR173W-A	10	3	2	13	6	7	4	7	28	36	15	5	36	3	7	3	9	19	14	13	5	40	17	10	45	26	92	65	165	221	499	442	391	1090	809	713	1393	1086	298	1636	195	278	239	28	258	38	20	27
YPL279C	0	0	1	0	1	0	0	0	2	0	0	0	0	0	0	0	0	0	2	0	0	0	1	0	3	0	4	4	1	1	9	5	22	15	12	27	7	26	22	11	10	12	11	3	4	0	3	7
YPL281C	0	0	0	0	0	0	1	0	0	0	0	0	0	0	0	0	0	0	0	0	0	0	0	0	0	0	0	0	0	0	0	0	0	0	0	0	0	0	0	0	0	0	0	0	0	0	0	0
YGR109W-A	0	0	0	0	0	0	0	0	0	0	0	0	0	0	0	0	0	0	1	0	0	0	0	0	0	0	0	0	0	0	2	0	6	1	4	4	1	1	5	0	1	1	0	1	0	1	0	0
YAL069W	0	0	0	0	0	0	0	0	0	0	0	0	0	0	0	0	0	0	0	0	0	0	0	0	0	0	0	0	0	0	0	0	2	0	0	0	0	0	0	0	0	1	0	0	0	0	0	0
YBL072C	36	34	23	20	45	64	53	57	76	41	75	62	43	91	44	85	76	65	113	105	126	167	164	168	627	271	255	1938	466	1924	3292	3000	5386	4956	7241	8029	3289	8770	8212	2801	8072	2119	2158	1820	403	394	143	147
YFR033C	0	0	0	0	0	1	0	1	0	0	0	0	0	0	0	0	0	0	0	0	0	0	0	0	0	0	0	0	0	0	0	0	0	0	0	0	0	0	0	0	0	0	0	0	0	0	0	0
YPR108W-A	0	0	9	3	0	0	1	3	5	0	4	3	1	3	2	3	1	1	0	1	3	5	6	0	9	17	8	0	193	15	1	518	25	15	40	96	1	31	33	3	19	8	3	3	46	0	8	11
YLR344W	2	3	5	7	10	3	5	14	2	5	8	7	4	10	10	8	11	8	7	15	12	24	20	28	58	21	21	150	43	160	298	171	521	356	449	861	283	700	710	232	682	347	167	203	53	34	18	5
YLR449W	0	0	0	0	3	0	0	0	0	0	0	0	0	0	1	0	0	0	0	0	0	0	0	0	0	0	0	0	0	1	0	0	1	0	0	1	0	0	0	0	0	0	0	0	0	0	0	1
YNL136W	0	0	1	0	0	0	0	0	0	0	0	0	0	0	0	0	0	0	0	0	0	0	0	0	0	0	0	0	0	0	0	0	0	0	0	0	0	0	0	0	0	0	0	0	0	0	0	0
YPL240C	22	27	26	24	25	34	37	33	28	13	27	33	32	79	22	39	36	14	47	68	58	83	84	98	231	157	115	556	216	810	976	1184	2045	1581	2980	2513	1324	3217	2822	916	3528	842	899	856	101	190	76	38
YLR044C	34	52	43	23	72	52	29	68	58	28	79	73	17	94	35	51	58	29	48	73	54	86	129	57	282	158	92	704	209	577	1236	1219	1601	2203	2743	1786	644	3087	2484	575	3004	497	384	409	74	75	41	36
YHR096C	0	0	0	0	0	0	0	0	0	0	0	0	0	0	0	0	0	0	0	0	0	0	0	0	4	0	0	4	0	2	7	1	14	9	12	12	8	11	21	9	12	2	3	4	2	2	1	1
YBL002W	1	0	1	1	3	2	4	1	1	0	2	1	1	0	1	0	1	0	1	2	0	1	3	5	8	1	0	17	2	2	15	9	11	10	62	0	13	74	4	4	31	1	1	16	0	0	0	0
YGL229C	0	0	1	0	0	0	0	0	0	0	0	0	0	0	0	0	0	0	0	0	0	0	0	0	0	0	0	0	0	0	0	0	0	0	0	0	0	0	0	0	0	0	0	0	0	0	0	0
YDR174W	0	0	0	2	0	0	0	0	0	0	0	0	0	0	0	0	0	0	0	0	0	0	0	0	0	0	0	0	0	0	0	0	0	0	0	0	0	0	0	0	0	0	0	0	1	0	0	0
YDR409W	0	0	0	0	0	0	0	0	0	0	0	0	0	0	0	0	0	0	0	0	0	0	0	0	0	0	0	0	0	0	0	0	0	0	0	0	0	0	0	0	0	1	0	0	0	0	0	0
YEL070W	0	0	0	0	0	0	0	0	0	0	0	0	0	1	0	0	0	0	0	0	0	0	0	0	0	0	1	0	1	0	0	1	1	1	3	6	1	5	1	0	3	1	0	1	0	0	0	0
YOR071C	0	0	0	0	0	0	0	0	0	0	0	0	0	0	0	0	0	0	0	0	0	0	0	0	0	0	0	0	0	0	0	0	2	0	0	0	0	2	0	0	0	0	0	0	0	0	1	0
YML073C	3	8	9	2	13	3	5	3	8	6	8	8	3	3	6	5	3	12	6	6	16	14	20	7	21	15	18	121	40	73	183	174	206	206	470	266	232	464	246	159	273	60	87	40	25	16	2	20
YCR038C	0	0	0	0	0	1	0	0	0	0	0	0	0	0	1	0	0	0	0	0	0	0	0	0	0	0	2	1	0	2	5	4	4	3	8	11	0	9	2	3	1	1	1	2	0	0	0	0
YNL236W	1	0	0	0	0	0	0	0	0	0	0	0	0	0	0	0	0	0	0	0	0	0	0	0	0	0	0	0	0	0	0	0	0	0	0	0	0	0	0	0	0	0	0	0	0	0	0	0
YFL023W	0	0	0	0	0	0	0	0	0	2	0	0	0	0	0	0	0	0	0	0	0	0	0	0	2	0	2	0	0	8	2	0	2	0	4	8	0	4	6	0	0	0	0	0	0	0	0	0
YHR174W	166	178	212	190	360	283	294	371	305	214	486	361	233	587	172	528	350	245	528	595	528	741	1173	592	2716	1334	1081	8272	2278	7876	12908	14701	23705	22499	34997	35676	13522	43190	37660	10792	51234	7948	11262	9913	1242	1758	775	544
YJL160C	0	0	0	0	0	0	0	0	0	0	0	0	0	0	0	0	0	0	0	0	0	0	0	0	0	1	0	0	0	0	0	0	0	0	0	0	0	0	0	0	0	0	0	0	0	0	0	0
YNL014W	2	1	1	3	0	4	8	5	1	9	4	2	8	1	0	3	2	4	5	2	3	9	4	1	22	7	13	42	15	64	156	64	131	72	74	291	89	151	108	79	58	18	33	16	10	16	0	0
YOL052C-A	1	0	0	0	0	0	0	0	0	0	0	0	0	0	0	0	0	0	0	0	0	0	0	0	0	0	0	0	0	0	0	0	0	0	0	0	0	0	0	0	0	0	0	0	0	0	0	0
YCR102C	0	0	0	0	0	0	0	0	0	0	0	0	0	0	0	0	0	0	0	0	0	0	0	0	0	0	0	0	0	0	0	1	1	2	1	0	1	0	1	1	4	0	0	0	0	0	0	0
YFL038C	0	0	0	0	0	0	0	0	0	0	0	0	0	0	0	0	0	0	0	0	0	0	0	0	0	0	0	0	0	0	0	0	0	0	1	0	0	0	0	0	0	0	0	0	0	0	0	0
YKR042W	0	0	0	0	0	0	1	0	0	0	0	0	0	0	0	0	0	0	0	0	0	0	0	0	0	0	0	0	0	0	0	0	0	0	0	0	0	0	0	0	0	0	0	0	0	0	0	0
YBR093C	1	0	0	7	1	1	6	2	2	0	1	3	0	4	3	2	0	0	2	3	3	8	8	8	16	9	8	31	17	32	48	75	109	105	168	175	53	214	183	31	241	27	24	47	7	3	4	1
YKR106W	0	0	0	0	0	0	0	0	0	0	0	0	0	0	0	0	0	0	0	0	0	0	0	0	0	0	0	0	0	0	2	0	2	0	2	3	0	3	0	0	5	0	1	0	0	0	0	0
YGL054C	0	1	0	0	0	0	0	0	0	0	0	0	0	0	0	0	0	0	0	0	0	0	0	0	0	0	0	0	0	0	0	0	0	0	0	0	0	0	0	0	0	0	0	0	0	0	0	0
YBR108W	0	0	2	0	0	0	0	0	0	0	0	0	0	0	0	0	0	0	0	0	0	0	0	0	0	0	0	0	0	1	0	2	2	0	0	0	0	0	0	0	0	0	0	0	0	0	0	0
YGR240C	0	0	0	1	0	1	0	0	0	0	0	0	0	0	0	0	0	1	0	0	0	0	0	0	0	0	0	0	0	0	0	0	0	2	0	0	0	0	0	0	0	0	1	0	0	0	0	0
YLR134W	28	47	39	22	68	51	26	64	55	23	73	72	17	92	32	48	55	29	46	72	49	86	126	55	280	146	94	688	208	577	1240	1214	1572	2202	2742	1774	644	3091	2473	575	3008	495	384	409	74	75	41	36
YCR041W	0	0	0	0	0	0	0	0	0	0	0	0	0	0	0	0	0	0	0	0	0	1	0	0	0	0	0	0	0	0	0	0	0	0	0	0	1	0	1	0	2	0	0	0	1	0	0	0
YOR390W	0	0	1	0	1	0	0	0	2	0	0	0	0	0	0	0	0	0	2	0	0	0	1	0	2	0	5	4	1	1	9	5	22	15	12	27	7	26	22	11	10	12	11	3	4	0	3	7
YER066W	0	0	0	0	0	0	0	0	0	0	0	0	0	0	0	0	0	0	0	0	0	0	0	0	2	0	0	2	0	0	2	1	4	4	3	7	4	7	8	2	7	0	2	2	0	0	0	0
YAL068C	0	0	0	0	0	0	0	0	0	0	0	0	0	0	0	0	0	0	0	0	0	0	0	0	0	0	0	0	0	0	1	0	0	0	0	1	0	0	0	0	2	0	0	0	0	0	0	0
YGL031C	4	8	9	10	18	5	7	9	9	7	7	12	14	14	10	13	17	14	21	13	12	43	40	30	125	48	34	273	84	231	424	574	581	491	994	742	348	1260	626	291	988	98	209	172	38	25	20	15
YIL053W	0	0	0	0	0	0	0	0	0	0	0	1	1	0	0	2	1	0	1	0	0	0	0	0	0	0	0	0	0	2	0	0	4	0	0	8	0	0	16	0	0	1	0	0	0	0	0	0
YCR038W-A	0	0	0	0	0	0	0	0	0	0	0	0	0	0	0	0	0	0	0	0	0	0	0	0	0	0	0	0	0	0	0	0	0	0	0	0	0	0	0	1	0	0	0	0	0	0	0	0
YLR249W	2	2	3	3	1	5	8	6	2	9	4	2	8	1	0	3	7	4	5	2	3	9	4	1	22	7	13	42	15	64	156	64	131	72	74	291	90	151	108	79	58	18	33	16	10	16	0	0
YDR012W	43	52	67	66	77	40	84	95	89	62	98	106	67	124	63	153	94	86	137	154	195	246	278	235	915	358	374	2372	755	2669	4506	4438	7496	6961	10133	12256	4483	13741	12786	4198	13508	2643	4071	2365	572	567	206	271
YIL066C	0	0	0	0	0	0	0	0	0	0	0	0	0	0	0	0	0	0	0	0	0	1	0	0	0	0	0	0	0	1	4	0	1	0	1	3	5	2	1	2	0	0	0	0	0	0	0	0
YDL082W	7	10	6	3	16	17	18	16	20	10	12	17	8	20	11	18	8	22	26	23	26	20	44	33	98	47	46	312	52	360	296	347	835	721	907	885	350	1077	1102	272	1095	228	281	205	40	37	15	14
YGL253W	0	0	2	0	0	0	0	0	0	0	0	0	0	1	0	0	0	0	0	1	0	0	0	0	0	0	0	0	0	0	0	0	4	0	0	0	0	0	1	0	0	0	0	0	0	0	0	0
YDR345C	2	0	1	0	0	3	0	5	2	0	1	3	4	1	0	2	1	2	2	1	2	4	3	1	10	6	2	36	7	19	60	28	125	72	135	169	85	172	84	49	117	25	21	34	9	5	4	1
YJL177W	4	9	9	1	15	16	3	5	8	3	7	4	13	10	4	11	7	7	12	17	14	17	36	11	64	36	29	154	67	261	215	288	461	291	468	680	143	496	582	84	333	102	58	50	9	9	0	5
YMR230W	3	2	8	6	2	6	2	14	8	6	1	5	8	8	3	2	9	5	15	11	14	14	14	9	40	10	20	191	12	122	75	63	327	142	183	321	229	160	468	112	182	96	63	52	11	8	8	1
YFL058W	0	0	0	0	0	0	0	0	0	0	0	0	0	0	0	0	0	0	0	0	0	0	0	0	1	0	1	0	1	1	0	1	2	0	1	2	1	3	6	3	7	2	2	1	1	0	0	0
YBR299W	0	0	0	0	0	0	0	0	0	0	0	0	0	0	0	0	0	0	0	0	0	0	0	0	0	0	0	0	0	2	6	0	3	1	1	0	1	2	3	3	2	0	0	3	0	0	0	0
YOR108W	0	0	1	0	1	1	0	0	2	3	0	0	0	2	0	0	0	0	0	0	0	0	0	0	2	1	2	4	0	6	4	13	12	2	9	19	5	12	13	3	11	10	2	2	2	0	0	0
YPL081W	9	10	11	2	9	12	7	14	17	5	16	13	8	17	4	13	17	16	18	20	16	27	33	33	89	53	55	196	81	285	376	455	854	584	948	1057	342	896	1044	272	833	211	234	105	35	15	4	13
YER102W	36	34	23	20	45	64	53	57	76	41	75	62	43	91	44	85	76	65	113	105	126	168	162	169	632	267	254	1944	462	1922	3292	2992	5394	4949	7246	8031	3292	8766	8213	2801	8071	2120	2157	1819	405	394	142	148
YHR052W-A	0	0	0	0	0	0	0	0	1	0	0	0	0	0	0	0	0	0	0	0	0	0	0	0	1	0	0	4	2	2	5	1	5	5	2	8	1	10	2	4	8	2	0	3	0	0	0	0
YLR466C-B	0	0	0	0	0	0	0	0	0	0	0	0	0	0	0	0	0	0	0	0	0	0	0	0	0	0	0	0	0	0	0	0	0	0	0	1	0	0	0	0	0	0	0	0	0	0	0	0
YHR054C	0	0	0	0	1	0	2	1	1	0	0	1	0	1	0	0	1	1	0	0	2	1	6	2	3	2	4	8	2	14	16	22	30	22	55	46	26	66	51	13	53	12	15	23	5	1	3	2
YJR161C	0	1	0	2	2	1	0	0	1	0	0	2	0	0	0	0	0	1	0	5	2	4	0	3	4	2	4	11	4	28	44	29	58	42	70	96	29	98	90	45	56	30	24	12	13	6	0	3
YHR216W	4	1	1	2	4	1	0	2	1	0	4	0	3	5	0	5	0	1	3	10	2	1	12	4	9	4	5	48	12	59	78	75	154	118	198	254	86	251	287	63	248	62	72	41	7	15	4	9
YKL172W	0	0	0	0	4	0	0	0	0	0	0	0	0	0	0	0	0	0	0	0	0	0	1	0	0	0	0	0	0	10	0	1	8	0	1	3	0	3	4	0	2	1	0	0	0	0	0	0
YLR019W	1	0	0	0	0	0	0	0	0	0	0	0	0	0	0	0	0	0	0	0	0	0	0	0	0	0	0	0	0	0	0	0	0	0	0	0	0	0	0	0	0	0	0	0	0	0	0	0
YNL336W	0	1	0	2	1	1	0	1	1	0	1	2	0	1	0	0	0	1	0	7	2	6	2	6	6	5	6	12	7	32	55	38	72	50	107	125	39	145	113	56	77	40	30	25	12	7	0	3
YMR039C	0	1	0	0	0	0	0	0	0	0	0	0	0	0	0	0	0	0	0	0	0	0	0	0	0	0	0	0	0	0	0	0	0	0	0	0	0	0	0	0	0	0	0	0	0	0	0	0
YDR034C-D	2	1	9	4	3	2	6	11	18	9	8	13	13	12	3	12	6	12	14	16	13	19	28	30	54	35	49	148	60	210	281	305	602	431	652	953	439	979	998	356	836	301	276	186	79	60	30	28
YLR206W	0	0	0	0	0	0	0	0	0	0	0	0	0	0	0	0	0	0	0	0	0	0	0	0	0	0	0	0	0	0	0	0	1	0	1	0	0	0	1	0	0	1	0	0	0	0	0	0
YDR342C	3	0	1	0	0	3	0	5	2	0	1	5	4	1	0	2	1	2	1	1	2	5	5	2	14	6	4	36	6	25	60	30	125	72	121	179	84	174	98	52	129	28	24	33	12	5	4	2
YDR034C-C	2	1	6	2	3	2	4	5	8	6	5	8	5	6	1	5	4	7	0	13	6	12	12	14	25	12	23	69	31	102	138	159	306	228	323	500	230	488	506	184	448	150	157	98	49	41	19	15
YEL036C	0	0	0	0	0	0	0	0	0	0	0	0	0	0	0	0	0	0	0	0	0	0	2	0	0	0	0	0	0	0	0	3	1	0	1	1	0	0	2	0	1	1	0	0	1	0	0	0
YHR010W	2	2	0	1	4	0	1	1	0	0	5	1	0	6	2	2	0	0	0	0	2	1	4	5	6	5	6	20	7	11	21	17	28	26	55	73	8	34	83	2	12	20	0	1	1	0	0	0
YDR508C	0	0	0	0	0	0	0	0	0	0	0	0	0	0	0	0	0	0	0	0	0	0	0	0	0	0	0	1	1	0	5	1	3	4	3	2	1	17	3	2	14	0	1	1	0	0	0	0
YER056C	0	0	0	0	1	0	0	2	0	0	0	0	0	1	0	1	0	0	0	0	0	0	0	1	3	3	1	1	3	8	9	5	13	12	19	35	9	19	23	7	24	4	10	6	0	2	0	2
YML063W	10	7	5	13	18	8	11	18	12	4	15	6	11	24	7	26	13	17	25	26	26	44	35	20	114	45	52	222	78	251	403	422	638	697	860	1106	406	1275	1169	447	973	246	290	170	42	32	15	11
YAL035W	0	0	0	0	2	0	0	1	0	0	0	0	0	0	0	0	0	0	0	0	0	0	0	0	0	0	1	0	0	3	0	0	1	0	0	3	0	0	6	0	0	0	0	0	0	0	0	0
YFR053C	0	0	2	0	0	0	0	0	0	0	0	0	0	1	0	0	0	0	0	1	0	0	0	0	0	0	0	0	0	0	0	0	4	0	0	0	0	0	1	0	0	0	0	0	0	0	0	0
YDR001C	0	0	0	0	0	0	0	0	0	0	0	0	0	0	0	0	0	0	0	0	0	0	0	0	0	0	0	0	0	0	0	0	2	0	0	0	0	0	0	0	0	0	0	0	0	0	0	0
YDR060W	0	0	1	0	0	0	0	0	0	0	0	0	0	0	0	0	0	0	0	0	0	0	0	0	0	0	0	0	0	0	0	0	0	0	0	0	0	0	0	0	0	0	0	0	0	0	0	0
YKR048C	0	0	0	0	0	1	0	0	0	0	0	0	0	0	0	0	0	0	0	0	0	0	0	0	0	0	0	0	0	0	0	0	0	0	0	0	0	0	0	0	0	0	0	0	0	0	0	0
YCR089W	0	0	0	0	0	0	0	0	0	0	0	0	0	0	0	0	0	0	0	0	0	0	0	0	0	0	0	0	0	0	0	0	0	2	4	2	0	2	0	0	0	0	0	4	0	0	0	0
YKR013W	0	0	0	0	0	0	0	0	0	0	0	0	0	0	0	0	0	0	0	0	0	0	0	0	0	0	0	0	0	0	0	0	1	0	0	2	0	0	0	0	0	0	0	0	0	0	0	0
YHR135C	0	0	0	0	0	0	0	0	0	0	0	0	0	0	0	0	0	0	0	0	0	0	0	0	0	0	0	0	0	0	0	0	0	0	3	0	0	0	0	0	0	1	0	0	0	0	0	0
YDR543C	0	0	0	0	0	0	0	0	0	0	0	0	0	0	0	0	0	0	0	0	0	0	0	0	0	0	0	0	0	0	0	0	0	0	0	0	0	0	0	1	0	0	0	0	0	0	0	0
YBR001C	0	0	0	0	0	0	0	0	0	0	0	0	0	0	0	0	0	0	0	0	0	0	0	0	0	0	0	0	0	0	0	0	2	0	0	0	0	0	0	0	0	0	0	0	0	0	0	0
YMR011W	0	0	0	0	0	2	0	0	0	0	0	0	0	0	0	0	0	0	0	0	1	0	0	0	0	0	0	2	0	0	0	0	1	1	0	2	0	2	0	0	0	0	0	2	0	0	3	2
YER060W-A	0	0	0	0	1	0	0	2	0	0	0	0	0	1	0	1	0	0	0	0	0	0	0	1	3	3	1	1	3	8	11	5	12	12	19	35	9	19	23	7	24	4	11	6	0	2	0	2
YOR317W	0	0	0	0	0	0	0	0	0	0	0	0	0	0	0	0	0	0	0	0	0	0	0	0	0	0	0	0	0	1	0	0	1	0	0	0	0	0	0	0	0	0	0	0	0	0	0	0
YBR181C	26	33	38	35	67	49	38	62	72	45	107	90	57	121	43	102	63	75	87	123	124	227	237	186	712	328	336	1956	579	2358	3734	3306	6236	5349	7841	9919	3638	10443	8590	3573	9184	2070	2185	1684	469	392	138	218
YOR167C	2	0	2	0	2	2	2	2	3	0	1	3	1	0	1	2	0	1	1	0	2	7	7	5	15	1	4	32	3	99	90	7	96	69	26	19	66	19	37	26	39	10	57	0	1	3	0	2
YLR328W	0	0	0	0	0	0	0	0	0	0	0	0	0	0	0	1	0	0	0	0	0	0	0	0	0	0	0	0	0	0	0	0	0	0	0	0	0	0	0	0	0	0	0	0	0	0	0	0
YOR383C	0	0	0	0	0	0	0	0	0	0	2	0	0	0	2	6	0	0	0	0	0	2	2	0	0	2	0	10	4	6	6	14	6	6	16	10	10	18	22	2	20	6	6	16	0	2	0	0
