YOR389W	0	0	0	0	0	0	0	0	0	0	0	0	0	0	0	0	0	0	0	0	2	0	9	1	68	12	1	35	6	34	13	3	24	4	0	9	0	0	2	0	0	0	0	0	0	0	0	0
YMR323W	0	0	0	0	0	0	0	0	0	0	0	0	0	0	0	0	0	0	0	0	0	0	0	0	6	0	1	4	2	0	1	1	2	1	0	0	0	0	0	0	0	0	0	0	0	0	0	0
YLR197W	0	0	0	0	0	0	0	0	0	0	0	0	0	0	0	0	0	0	0	0	0	0	0	0	1	0	0	0	0	0	0	0	0	0	0	0	0	0	0	0	0	0	0	0	0	0	0	0
YIL156W	0	0	0	0	0	0	0	0	0	0	0	1	0	0	0	0	0	0	0	0	0	1	0	0	0	0	0	0	0	0	0	0	0	0	0	0	0	0	0	0	0	0	0	0	0	0	0	0
YIL176C	0	0	0	0	0	0	0	0	0	0	0	0	0	0	0	0	0	0	0	0	0	1	0	0	8	0	0	10	0	3	1	0	1	0	0	0	0	0	0	0	0	0	0	0	0	0	0	0
YMR205C	0	0	0	0	0	0	0	0	0	0	0	0	0	0	1	0	0	0	0	0	0	0	0	0	0	0	0	0	0	0	0	0	0	0	0	0	0	0	0	0	0	0	0	0	0	0	0	0
YGR148C	0	0	2	0	1	0	2	0	1	6	1	6	2	13	4	51	14	9	59	32	174	364	2146	208	16124	1147	272	6489	502	5304	2940	353	2310	446	179	1135	17	25	159	0	0	0	0	0	0	0	0	0
YKR059W	0	0	1	1	3	1	11	2	1	13	7	17	8	58	23	175	58	26	237	119	681	1432	7248	862	57723	5975	1247	37142	2568	21761	14225	1192	12617	2217	564	5320	106	110	556	0	0	0	0	0	0	0	0	0
YER131W	0	1	0	0	1	0	0	0	0	3	0	2	1	9	3	18	6	2	17	11	47	96	529	55	3243	238	34	1232	107	360	590	63	147	41	20	66	5	0	4	0	0	0	0	0	0	0	0	0
YPL249C-A	0	0	1	0	1	0	0	0	0	3	2	4	2	9	3	20	12	7	55	18	82	135	683	179	6621	1509	239	8579	1084	5560	5274	206	2803	229	89	1930	23	9	107	0	0	0	0	0	0	0	0	0
YDR406W	0	0	0	0	0	0	0	0	0	0	0	0	0	0	0	0	1	0	0	0	0	0	0	0	1	0	0	0	0	0	0	0	0	0	0	0	0	0	0	0	0	0	0	0	0	0	0	0
YML017W	0	0	0	0	0	0	0	0	0	0	0	0	0	0	0	0	0	0	1	0	0	0	2	0	11	0	0	7	0	0	0	0	2	0	0	0	0	0	0	0	0	0	0	0	0	0	0	0
YHR077C	0	0	0	0	0	0	0	0	0	0	0	0	0	0	0	0	0	0	0	0	0	0	0	0	1	0	0	0	0	0	0	0	0	0	0	0	0	0	0	0	0	0	0	0	0	0	0	0
YBR135W	0	0	0	0	0	0	0	0	0	0	0	0	0	0	0	1	0	0	1	0	1	2	13	0	236	29	6	91	8	70	25	1	25	0	0	10	0	1	1	0	0	0	0	0	0	0	0	0
YLR233C	0	0	0	0	0	0	0	0	0	0	0	0	0	0	0	0	0	0	0	0	0	0	0	0	1	0	0	0	0	0	0	0	0	0	0	0	0	0	0	0	0	0	0	0	0	0	0	0
YKL224C	0	0	0	0	0	0	0	0	0	0	0	0	0	0	0	0	0	0	0	0	0	0	2	0	4	1	0	2	0	1	1	0	0	0	0	0	0	0	0	0	0	0	0	0	0	0	0	0
YLR048W	0	0	0	0	0	0	0	0	0	1	0	3	0	9	2	31	3	1	31	12	75	122	859	73	6595	581	71	2910	138	1000	630	93	639	105	33	265	9	10	11	0	0	0	0	0	0	0	0	0
YHR092C	0	0	0	0	0	0	0	0	0	0	0	0	0	0	0	3	3	0	8	2	9	18	97	35	657	192	13	953	21	378	142	12	831	30	6	53	3	0	4	0	0	0	0	0	0	0	0	0
YPR145W	0	0	0	0	0	0	0	0	0	1	1	0	0	4	0	3	2	0	7	8	27	37	214	18	1628	129	35	866	52	708	345	40	272	70	10	108	2	1	15	0	0	0	0	0	0	0	0	0
YGL201C	0	0	0	0	0	0	0	0	0	0	0	0	0	0	0	0	0	0	0	0	0	0	0	1	12	1	0	5	1	1	1	0	1	0	1	0	0	0	0	0	0	0	0	0	0	0	0	0
YDR099W	0	0	0	0	0	0	0	0	1	0	0	1	0	2	0	5	0	0	6	2	17	38	117	15	953	85	25	695	50	347	228	20	241	20	16	72	5	5	5	0	0	0	0	0	0	0	0	0
YGR256W	0	0	0	0	0	0	0	0	0	0	0	0	0	0	0	0	0	0	0	0	0	1	0	0	1	0	0	0	0	0	0	0	0	0	0	0	0	0	0	0	0	0	0	0	0	0	0	0
YBL027W	1	1	0	0	3	0	4	2	1	4	3	12	2	22	9	54	19	6	106	54	279	508	3105	301	19298	1785	286	10390	742	6320	3702	433	3251	610	154	1427	18	30	97	0	0	0	0	0	0	0	0	0
YKL096W-A	0	0	0	0	0	0	0	0	0	0	0	0	0	0	0	0	0	0	0	0	0	0	0	0	1	0	0	0	0	0	0	0	0	0	0	0	0	0	0	0	0	0	0	0	0	0	0	0
YLR154C-H	0	0	0	0	0	0	0	0	0	0	0	0	0	0	0	0	0	0	0	0	0	0	0	0	0	0	0	0	0	0	0	0	0	0	1	0	0	0	0	0	0	0	0	0	0	0	0	0
YNL208W	0	0	0	0	0	0	0	0	0	0	0	0	0	0	0	0	0	0	0	0	2	4	4	0	58	24	0	42	0	0	0	0	0	0	0	0	0	0	0	0	0	0	0	0	0	0	0	0
YLR154C-G	0	0	0	0	0	0	0	0	0	0	0	0	0	0	0	0	0	0	0	0	0	0	3	2	0	0	0	0	0	1	0	1	0	0	0	0	0	0	0	0	0	0	0	0	0	0	0	0
YOR309C	0	0	0	0	0	0	0	0	0	0	0	0	0	0	0	1	0	0	0	3	0	17	0	5	5	0	93	1	9	21	0	0	14	0	0	0	0	0	0	0	0	0	0	0	0	0	0	0
YMR227C	0	0	0	0	0	0	0	0	0	0	0	0	0	0	0	0	0	0	0	0	0	1	0	0	1	0	0	0	0	0	0	0	0	0	0	0	0	0	0	0	0	0	0	0	0	0	0	0
YPL277C	0	0	0	0	0	0	0	0	0	0	0	0	0	0	0	0	0	0	0	0	1	0	9	1	52	14	2	31	5	27	8	5	20	4	2	6	0	0	1	0	0	0	0	0	0	0	0	0
YAL063C	0	0	0	0	0	0	0	0	0	0	0	0	0	0	0	0	0	0	1	0	0	0	1	1	7	3	2	12	7	10	3	3	6	0	2	0	0	0	1	0	0	0	0	0	0	0	0	0
YJL219W	0	0	0	0	0	0	0	0	0	0	0	0	0	0	0	0	0	0	0	0	0	1	0	1	11	6	1	8	0	5	2	0	3	0	0	0	0	0	0	0	0	0	0	0	0	0	0	0
YDL246C	0	0	0	0	0	0	0	0	0	0	0	0	0	0	0	0	0	0	0	0	0	1	3	4	12	19	4	21	16	5	8	7	6	1	1	5	0	0	0	0	0	0	0	0	0	0	0	0
YDR033W	0	0	0	0	0	0	0	0	0	0	0	0	1	0	0	1	1	0	0	0	1	2	49	7	148	33	0	128	5	1	28	1	0	3	0	0	0	0	0	0	0	0	0	0	0	0	0	0
YER081W	0	0	0	0	0	0	0	0	0	0	0	0	0	2	0	0	0	0	0	1	4	5	41	4	221	28	0	130	6	75	29	9	46	18	0	16	2	0	9	0	0	0	0	0	0	0	0	0
YLR278C	0	0	0	0	0	0	0	0	0	0	0	0	0	0	0	0	0	0	0	0	0	0	0	0	5	1	0	0	0	0	0	0	0	0	0	0	0	0	0	0	0	0	0	0	0	0	0	0
YER070W	0	0	0	0	0	0	0	0	0	0	0	0	0	0	0	0	0	0	0	1	0	0	2	2	12	2	0	9	0	11	1	0	8	0	0	0	0	0	0	0	0	0	0	0	0	0	0	0
YPL036W	0	1	0	1	2	2	4	3	0	6	2	7	0	14	1	41	7	5	50	27	152	318	1584	180	10400	1008	219	5969	430	5107	2208	237	2374	504	140	1102	15	16	97	0	0	0	0	0	0	0	0	0
YCL069W	0	0	0	0	0	0	0	0	0	0	0	0	0	0	0	0	0	0	0	0	0	0	1	0	6	0	0	0	0	2	1	0	0	0	0	0	0	1	0	0	0	0	0	0	0	0	0	0
YDR450W	1	0	0	0	0	0	1	2	1	6	2	4	3	12	7	39	8	4	40	25	168	319	1793	149	13649	1034	228	6408	462	4328	2095	235	1886	427	90	668	19	14	111	0	0	0	0	0	0	0	0	0
YOR312C	1	0	0	0	0	0	2	1	0	7	1	7	2	24	3	64	15	7	48	33	198	438	2425	244	19194	1749	248	9976	867	4235	4314	545	2176	663	213	1072	22	18	198	0	0	0	0	0	0	0	0	0
YJL113W	0	0	0	0	0	0	0	0	0	0	0	0	0	0	0	0	0	0	0	0	0	1	3	1	28	5	3	17	5	12	3	0	6	2	1	7	0	0	0	0	0	0	0	0	0	0	0	0
YGL028C	0	0	0	0	0	0	0	0	0	0	0	0	0	0	0	0	0	0	0	0	0	0	2	0	6	0	0	4	0	6	2	0	0	0	0	0	0	0	0	0	0	0	0	0	0	0	0	0
YGL227W	0	0	0	0	0	0	0	0	0	0	0	0	0	0	0	0	0	0	0	0	0	0	1	0	8	0	1	3	0	0	1	0	0	0	0	0	0	0	0	0	0	0	0	0	0	0	0	0
YIL018W	4	0	0	0	2	3	7	4	2	7	4	16	4	40	18	123	41	6	163	87	471	937	5876	555	40727	4163	872	25014	1924	16269	9292	1137	8458	1856	472	3388	103	93	462	0	0	0	0	0	0	0	0	0
YIL074C	0	0	0	0	0	0	0	0	0	0	0	0	0	2	0	0	0	0	0	1	4	5	41	4	221	27	1	130	6	75	29	9	46	18	0	16	2	0	9	0	0	0	0	0	0	0	0	0
YAR060C	0	0	0	0	0	0	0	0	0	0	0	0	0	0	0	0	0	0	0	0	0	0	0	0	0	0	1	0	0	1	0	0	0	0	0	0	0	0	0	0	0	0	0	0	0	0	0	0
YOL144W	0	0	0	0	0	0	0	0	0	0	0	0	0	0	0	3	0	0	0	0	0	0	1	0	8	1	0	1	0	0	1	0	0	0	0	0	0	0	0	0	0	0	0	0	0	0	0	0
YGL237C	0	0	0	0	0	0	0	0	0	0	0	0	0	0	0	0	0	0	0	0	0	0	0	0	3	0	0	1	1	0	0	0	0	0	0	0	0	0	0	0	0	0	0	0	0	0	0	0
YNR075W	0	0	0	0	0	0	0	0	0	0	0	0	0	0	0	0	0	0	0	0	0	0	1	0	1	1	0	1	0	0	0	1	0	0	0	0	0	0	0	0	0	0	0	0	0	0	0	0
YDR073W	0	0	0	0	0	0	0	0	0	0	0	0	0	0	0	0	0	0	0	0	0	0	0	0	2	0	0	6	2	0	6	0	0	0	0	2	0	0	2	0	0	0	0	0	0	0	0	0
YOL156W	0	0	0	0	0	0	0	0	0	0	0	0	0	0	0	0	0	0	0	0	0	2	0	1	14	6	2	8	1	10	3	1	4	0	0	0	0	0	0	0	0	0	0	0	0	0	0	0
YJR030C	0	0	0	0	0	0	0	0	0	0	0	0	0	0	0	0	0	0	0	0	0	0	0	0	0	0	0	0	0	1	0	0	0	0	0	0	0	0	0	0	0	0	0	0	0	0	0	0
YDR299W	0	0	0	0	0	0	0	0	0	0	0	0	0	0	0	0	0	0	0	0	1	1	0	0	6	0	0	2	0	0	2	0	0	0	0	0	0	0	0	0	0	0	0	0	0	0	0	0
YBR297W	0	0	0	0	0	0	0	0	0	0	0	0	0	0	0	0	0	0	0	0	0	0	0	0	3	1	1	5	0	1	1	0	2	0	1	3	0	0	1	0	0	0	0	0	0	0	0	0
YDR278C	0	0	0	1	1	0	1	2	2	3	2	1	0	0	1	1	1	2	4	8	2	34	34	39	32	373	115	17	1663	74	20	1031	68	21	1051	59	70	105	41	0	0	0	0	0	0	0	0	0
YKL156W	0	0	0	0	0	0	0	0	0	0	0	0	0	0	0	0	0	0	0	0	0	0	0	0	1	0	0	1	1	0	0	0	0	0	0	0	0	0	0	0	0	0	0	0	0	0	0	0
YBR202W	0	0	0	0	0	0	0	0	0	0	0	0	0	0	0	0	0	0	0	0	0	0	0	1	12	1	0	5	1	1	1	0	1	0	1	0	0	0	0	0	0	0	0	0	0	0	0	0
YCR039C	0	0	0	0	0	0	0	0	0	0	0	0	0	0	0	0	0	0	0	0	2	3	11	10	53	120	12	76	72	22	38	20	16	10	9	7	1	0	3	0	0	0	0	0	0	0	0	0
YGR118W	0	0	1	0	1	1	1	4	0	5	2	1	2	14	6	51	14	1	69	38	177	359	2364	251	13809	1762	271	8821	877	4409	3421	385	2983	756	108	1158	17	11	136	0	0	0	0	0	0	0	0	0
YAR069C	0	0	0	0	0	0	0	0	0	0	0	0	0	0	0	0	0	0	0	0	0	0	0	0	0	1	0	0	0	0	0	0	0	0	0	0	0	0	0	0	0	0	0	0	0	0	0	0
YOR185C	0	0	0	0	0	0	0	0	0	0	0	0	0	0	0	0	0	0	0	0	0	4	7	1	66	10	1	145	3	3	24	0	0	1	1	0	0	0	0	0	0	0	0	0	0	0	0	0
YLR175W	0	0	0	0	0	0	0	0	0	0	0	0	0	0	0	0	1	0	0	0	3	5	17	0	94	5	0	21	1	9	14	0	0	0	0	0	0	0	0	0	0	0	0	0	0	0	0	0
YOL120C	2	0	0	0	1	2	3	2	1	4	3	15	9	27	10	78	19	10	134	74	374	571	4016	493	23375	3278	478	14917	956	12307	4402	549	7313	678	296	2177	34	44	187	0	0	0	0	0	0	0	0	0
YOR133W	1	2	3	4	14	6	20	11	7	35	10	78	31	193	75	566	139	77	621	398	2189	4436	24975	2515	197060	17435	4195	110761	8175	80813	44698	4233	43277	7931	1773	18916	446	437	2336	0	0	0	0	0	0	0	0	0
YGR279C	0	0	0	0	0	0	0	0	0	0	0	1	0	0	0	0	0	0	2	1	2	3	26	5	278	44	2	310	2	38	38	0	31	0	2	1	0	0	0	0	0	0	0	0	0	0	0	0
YMR143W	0	0	0	0	3	0	3	0	0	4	1	7	0	6	5	17	7	3	16	21	52	94	544	64	3536	518	97	2067	172	1973	564	150	1388	255	46	336	10	7	103	0	0	0	0	0	0	0	0	0
YCL067C	0	0	0	0	0	0	0	0	0	0	0	0	0	0	0	0	0	0	0	0	2	3	11	10	53	120	12	76	72	22	38	20	16	10	9	7	1	0	3	0	0	0	0	0	0	0	0	0
YIL059C	0	0	0	0	0	0	0	0	0	0	0	0	0	0	0	0	0	0	0	0	0	0	0	0	0	0	0	0	0	0	0	1	0	0	0	0	0	0	0	0	0	0	0	0	0	0	0	0
YOR192C	0	0	0	0	0	0	0	0	0	0	0	0	0	0	0	0	0	0	0	0	0	0	5	0	28	4	0	12	0	7	6	3	3	0	0	2	1	1	0	0	0	0	0	0	0	0	0	0
YMR043W	0	0	0	0	0	0	0	0	0	0	0	0	0	0	0	0	0	0	0	0	0	0	2	0	32	5	4	9	0	16	1	0	4	0	1	1	0	0	1	0	0	0	0	0	0	0	0	0
YGR295C	0	0	0	1	0	0	0	0	0	0	0	0	1	3	2	6	3	0	2	1	12	35	164	47	1221	194	39	947	113	546	307	43	349	62	21	172	5	5	15	0	0	0	0	0	0	0	0	0
YER103W	0	0	0	0	0	0	0	0	0	0	0	0	0	0	0	0	0	0	0	0	0	0	0	0	0	0	0	0	0	1	0	0	0	0	0	2	0	0	0	0	0	0	0	0	0	0	0	0
YFL060C	0	0	0	0	0	0	0	0	0	0	0	0	0	0	0	0	0	0	0	0	1	2	4	0	33	3	1	12	4	19	7	6	9	2	0	2	0	0	1	0	0	0	0	0	0	0	0	0
YDR173C	0	0	0	0	0	0	0	0	0	0	0	0	0	0	0	0	0	0	0	0	0	0	0	0	6	0	0	0	0	2	0	0	0	0	0	0	0	0	0	0	0	0	0	0	0	0	0	0
YGL122C	0	0	0	0	0	0	0	0	0	0	0	0	0	0	0	0	0	0	0	0	7	9	36	28	628	91	7	441	63	336	210	28	127	0	26	104	0	0	6	0	0	0	0	0	0	0	0	0
YHR141C	1	1	0	0	0	1	4	3	1	4	3	10	6	37	7	60	25	15	127	79	350	741	3491	441	25428	2767	677	14956	1366	10062	6480	587	7267	937	313	2930	39	96	263	0	0	0	0	0	0	0	0	0
YEL073C	0	0	0	0	0	0	0	0	0	0	0	0	0	0	0	0	0	0	0	0	0	0	0	0	0	0	0	0	0	0	1	0	0	0	0	0	0	0	0	0	0	0	0	0	0	0	0	0
YKL006W	1	0	0	0	2	1	7	4	3	9	2	14	8	28	9	81	22	15	107	58	292	592	3531	389	23960	2272	522	13103	1199	13003	5996	676	5704	878	254	2717	48	85	319	0	0	0	0	0	0	0	0	0
YBR169C	0	0	0	0	0	0	0	0	0	0	0	0	0	0	0	0	0	0	0	0	0	0	0	0	1	0	0	0	0	0	0	1	0	0	0	0	0	0	0	0	0	0	0	0	0	0	0	0
YGL147C	2	2	0	0	1	0	3	1	0	4	1	6	6	22	6	49	17	14	70	45	262	514	2687	305	20906	1931	427	10631	1054	6767	5589	560	4023	963	225	1968	48	106	197	0	0	0	0	0	0	0	0	0
YMR305C	0	0	0	0	0	0	0	0	0	0	0	1	0	0	0	0	0	0	2	1	2	3	26	5	278	44	2	310	2	38	38	0	31	0	2	1	0	0	0	0	0	0	0	0	0	0	0	0
YBR150C	0	0	0	0	0	0	0	0	0	0	0	0	0	0	0	12	0	0	0	0	13	0	25	0	320	9	12	75	1	63	17	12	26	13	0	3	0	0	1	0	0	0	0	0	0	0	0	0
YDL136W	0	0	2	2	1	5	6	1	1	8	3	18	6	37	15	101	32	21	151	92	456	1031	5033	569	37448	3422	1166	21479	1639	22666	8239	1154	10686	1164	493	4299	88	161	420	0	0	0	0	0	0	0	0	0
YBR191W	1	1	0	1	0	0	6	2	0	5	2	7	2	24	8	66	14	5	66	40	307	419	3463	244	22655	1915	314	10228	712	7474	3223	476	4325	938	235	1337	49	32	284	0	0	0	0	0	0	0	0	0
YDL173W	0	0	0	0	0	0	0	0	0	0	0	0	0	0	0	0	0	2	1	1	0	0	0	0	0	0	0	0	0	0	0	0	0	0	0	0	0	0	0	0	0	0	0	0	0	0	0	0
YJR047C	0	0	0	0	0	0	2	2	1	1	0	4	1	5	1	18	7	3	17	14	71	125	912	63	3726	486	125	1311	207	1963	567	56	766	28	11	349	2	10	4	0	0	0	0	0	0	0	0	0
YMR006C	0	0	0	0	0	0	0	0	0	0	0	0	0	0	0	0	1	0	0	0	0	1	4	1	16	3	0	7	1	6	4	1	3	0	0	1	0	0	0	0	0	0	0	0	0	0	0	0
YKR105C	0	0	0	0	0	0	0	0	0	0	0	0	0	0	0	0	0	0	0	0	0	0	1	0	6	0	0	0	0	2	1	0	0	0	0	0	0	1	0	0	0	0	0	0	0	0	0	0
YGL053W	0	0	0	0	0	0	0	0	0	0	0	0	0	0	0	1	0	0	0	1	1	13	32	4	217	22	6	108	21	91	32	12	33	2	5	13	0	2	4	0	0	0	0	0	0	0	0	0
YFL050C	0	0	0	0	0	0	0	0	0	0	0	0	0	0	0	0	0	0	0	0	0	0	1	0	14	2	0	3	0	5	3	0	4	0	0	0	0	0	0	0	0	0	0	0	0	0	0	0
YLL066W-B	0	0	0	0	0	0	0	0	0	0	0	0	0	0	0	0	0	0	0	0	0	0	0	0	2	0	0	1	1	0	0	0	0	0	0	0	0	0	0	0	0	0	0	0	0	0	0	0
YIL172C	0	0	0	0	0	0	0	0	0	0	0	0	0	0	0	0	0	0	1	0	1	1	10	2	53	17	0	36	10	34	19	4	20	5	1	8	0	0	0	0	0	0	0	0	0	0	0	0
YDR385W	1	2	3	4	14	6	20	11	7	35	10	78	31	193	75	566	139	77	621	398	2189	4436	24975	2515	197060	17435	4195	110761	8175	80813	44698	4233	43277	7931	1773	18916	446	437	2336	0	0	0	0	0	0	0	0	0
YEL049W	0	0	0	0	0	0	0	0	0	0	0	0	0	0	0	0	0	0	0	0	0	1	0	0	8	2	1	8	0	1	2	0	1	0	0	0	0	0	0	0	0	0	0	0	0	0	0	0
YEL017C-A	0	0	0	0	0	1	0	0	0	1	2	2	2	1	5	12	9	1	37	11	41	99	473	237	2880	1861	175	4942	369	1342	749	192	1467	149	97	266	36	13	56	0	0	0	0	0	0	0	0	0
YIL133C	0	0	0	0	0	1	0	0	0	1	0	2	0	2	0	3	0	0	6	0	4	9	41	6	311	22	0	265	0	1	1	0	2	1	0	1	0	0	0	0	0	0	0	0	0	0	0	0
YOR391C	0	0	0	0	0	0	0	0	0	0	0	0	0	0	0	0	0	0	0	0	0	1	0	1	0	0	0	1	0	2	1	0	0	0	0	0	0	0	0	0	0	0	0	0	0	0	0	0
YDL245C	0	0	0	0	0	0	0	0	0	0	0	0	0	0	0	0	0	0	0	0	0	0	0	0	0	0	0	1	0	4	0	1	0	0	0	1	0	0	0	0	0	0	0	0	0	0	0	0
YIL069C	1	0	0	0	1	0	12	4	2	2	0	11	9	47	18	107	25	9	105	64	378	849	4474	479	33993	3207	847	20461	1361	13528	7898	927	7873	2177	311	2767	56	58	279	0	0	0	0	0	0	0	0	0
YBR054W	0	0	0	0	0	0	0	0	0	0	0	0	1	0	0	1	1	0	0	0	1	2	49	7	148	33	0	128	5	1	28	1	0	3	0	0	0	0	0	0	0	0	0	0	0	0	0	0
YIL052C	0	0	0	0	2	1	0	2	0	1	0	0	1	19	5	42	14	1	32	19	149	227	2064	156	12234	1605	154	7851	410	2683	1546	164	1849	254	46	405	17	7	134	0	0	0	0	0	0	0	0	0
YEL007W	0	0	0	0	0	0	0	0	0	0	0	0	0	0	0	0	0	0	0	0	0	0	1	0	11	2	0	0	1	4	4	0	1	0	0	1	0	0	0	0	0	0	0	0	0	0	0	0
YNL067W	2	2	0	0	1	0	3	1	0	4	1	6	6	22	6	49	17	14	71	46	260	526	2676	304	20905	1929	430	10636	1049	6767	5589	560	4023	962	226	1968	49	103	199	0	0	0	0	0	0	0	0	0
YKR057W	1	0	0	0	0	0	0	0	0	2	0	1	1	4	3	5	4	2	21	4	31	44	308	56	1929	343	35	1954	45	803	299	50	995	137	21	140	15	0	10	0	0	0	0	0	0	0	0	0
YLR061W	0	0	0	0	0	0	0	0	0	0	0	0	0	0	0	0	0	0	1	0	2	0	0	5	0	0	0	0	0	0	0	0	0	0	0	0	0	0	0	0	0	0	0	0	0	0	0	0
YLR237W	0	0	0	0	0	0	0	0	0	0	0	0	0	0	0	0	0	0	0	0	0	0	2	0	18	2	0	6	0	6	4	1	1	0	0	0	0	0	0	0	0	0	0	0	0	0	0	0
YNL069C	0	0	0	0	0	1	0	0	0	1	0	2	0	2	0	3	0	0	6	0	4	9	41	6	311	22	0	265	0	1	1	0	2	1	0	1	0	0	0	0	0	0	0	0	0	0	0	0
YBL108C-A	0	0	0	0	0	0	0	0	0	0	0	0	0	0	0	0	0	0	0	0	0	0	0	0	10	2	1	5	0	1	2	0	1	0	0	0	0	0	0	0	0	0	0	0	0	0	0	0
YNR052C	0	0	0	0	0	0	0	0	0	0	0	0	0	0	0	0	0	0	0	0	0	1	8	0	61	4	2	43	7	24	11	5	6	0	1	5	0	2	1	0	0	0	0	0	0	0	0	0
YDR312W	0	0	0	0	0	0	0	0	0	0	0	0	0	0	0	2	0	1	2	1	5	9	82	11	510	46	17	235	26	223	83	16	68	13	7	43	2	0	0	0	0	0	0	0	0	0	0	0
YDR145W	0	0	0	0	0	0	0	0	0	0	0	0	0	0	0	0	0	0	0	0	2	5	14	2	203	18	5	102	5	55	35	14	29	4	10	8	2	0	0	0	0	0	0	0	0	0	0	0
YFL009W	0	0	0	0	0	0	0	0	0	0	0	0	0	0	0	1	0	0	0	1	3	5	19	3	142	12	4	74	7	64	25	2	44	4	2	17	1	0	1	0	0	0	0	0	0	0	0	0
YNL019C	0	0	0	0	0	0	0	0	0	0	0	0	0	0	0	0	0	0	1	1	0	0	1	0	21	5	1	22	3	11	13	0	8	0	1	1	0	0	0	0	0	0	0	0	0	0	0	0
YCR097W-A	0	0	0	0	0	0	0	0	0	0	0	0	0	0	0	0	0	0	0	0	0	0	0	0	5	2	1	1	0	3	3	1	3	0	0	1	0	2	0	0	0	0	0	0	0	0	0	0
YHR203C	2	0	0	0	6	0	13	2	0	7	4	24	9	63	15	154	48	20	176	107	641	1172	7437	719	50370	5282	1048	29899	2208	20236	11242	1281	12853	2265	515	5178	126	145	605	0	0	0	0	0	0	0	0	0
YHR214C-B	3	1	4	14	7	3	13	8	4	15	6	28	24	77	46	243	68	30	275	191	1018	2080	11293	1438	96449	11351	3504	53831	6005	49405	22804	3739	25653	3744	1885	11280	329	405	1476	0	0	0	0	0	0	0	0	0
YEL039C	0	0	0	0	0	0	0	0	0	0	0	0	0	0	0	0	0	0	0	0	0	0	9	2	29	4	0	14	1	16	12	1	9	1	0	4	0	0	1	0	0	0	0	0	0	0	0	0
YPL060C-A	0	0	0	0	0	0	0	0	0	0	0	0	0	0	1	0	0	0	0	0	0	1	4	2	36	11	10	27	10	18	9	5	9	4	4	8	0	0	0	0	0	0	0	0	0	0	0	0
YGL062W	0	0	0	0	0	0	0	0	0	0	0	1	0	2	2	3	1	0	6	3	21	35	259	23	1740	210	33	1102	78	746	419	55	373	86	20	202	7	2	25	0	0	0	0	0	0	0	0	0
YLR461W	0	0	0	0	0	0	0	0	0	0	0	0	0	0	0	0	0	0	0	0	0	0	0	0	6	2	1	12	0	2	2	0	1	0	0	0	0	0	0	0	0	0	0	0	0	0	0	0
YHR214C-D	0	0	0	0	0	0	0	0	0	0	0	0	0	0	0	0	0	0	0	0	0	0	0	0	0	1	0	0	0	0	0	0	0	0	0	0	0	0	0	0	0	0	0	0	0	0	0	0
YOL054W	0	0	0	0	0	0	0	0	0	0	0	0	0	0	0	0	0	0	0	0	0	0	0	0	3	0	0	0	0	0	0	0	0	0	0	0	0	0	0	0	0	0	0	0	0	0	0	0
YNL186W	0	0	0	0	0	0	0	0	0	0	0	0	0	0	0	0	0	0	2	0	0	0	0	0	20	0	2	8	0	0	4	2	0	0	0	0	0	0	0	0	0	0	0	0	0	0	0	0
YAR031W	0	0	0	0	0	0	0	0	0	0	0	0	0	0	0	1	0	0	0	1	1	12	31	4	202	19	5	92	12	86	28	5	28	2	2	12	0	1	4	0	0	0	0	0	0	0	0	0
YDR077W	4	0	0	0	0	0	0	2	0	0	0	2	0	16	8	42	6	8	10	12	98	120	1294	126	10592	950	216	4634	538	5550	2170	170	1886	434	32	962	18	22	70	0	0	0	0	0	0	0	0	0
YIL115C	0	0	0	0	0	0	0	0	0	0	0	0	0	0	0	0	0	0	0	0	0	0	4	0	20	16	0	32	0	6	12	0	16	0	0	4	0	0	0	0	0	0	0	0	0	0	0	0
YPL229W	0	0	0	0	0	0	0	0	0	0	0	0	0	0	0	0	0	0	0	0	0	0	0	0	0	1	0	7	0	0	0	0	0	0	0	0	0	0	0	0	0	0	0	0	0	0	0	0
YBR189W	2	0	0	1	0	0	3	0	0	1	1	5	0	9	6	48	18	3	46	21	120	303	1236	159	10245	1019	247	5642	423	3202	2373	194	2479	348	70	944	9	37	98	0	0	0	0	0	0	0	0	0
YHR214C-C	1	0	3	6	5	1	8	3	4	11	2	20	15	57	35	177	47	20	212	135	732	1462	8205	1104	72082	9023	2560	40736	4507	38315	17611	2737	19728	2871	1133	9070	256	305	1145	0	0	0	0	0	0	0	0	0
YHL020C	0	0	0	0	0	0	0	0	0	0	0	0	0	0	0	0	0	0	0	0	1	3	1	0	15	4	1	4	3	6	1	1	3	0	0	0	0	0	0	0	0	0	0	0	0	0	0	0
YHR214C-E	0	0	0	0	0	0	0	0	0	0	0	0	0	0	0	0	0	0	0	0	0	0	0	0	0	0	1	0	1	1	0	1	0	0	0	0	0	0	0	0	0	0	0	0	0	0	0	0
YIL009W	0	0	0	0	0	0	0	0	0	0	0	1	0	0	0	0	0	0	1	1	0	0	0	0	14	1	1	6	1	1	2	0	0	1	0	0	0	0	0	0	0	0	0	0	0	0	0	0
YDR289C	0	0	0	0	0	0	0	0	0	0	0	0	0	0	0	2	0	0	0	0	2	0	4	0	48	1	1	9	1	7	5	1	4	2	0	1	0	0	1	0	0	0	0	0	0	0	0	0
YNL190W	0	2	0	0	0	0	2	2	0	3	3	0	0	2	3	13	4	0	19	6	36	108	596	82	5358	729	126	4153	320	1989	1705	154	1237	181	71	655	11	13	46	0	0	0	0	0	0	0	0	0
YPL089C	0	0	0	0	0	0	0	0	0	0	0	0	0	0	0	0	0	0	0	0	0	1	0	1	3	0	4	0	0	7	0	0	0	0	0	0	0	0	0	0	0	0	0	0	0	0	0	0
YJR090C	0	0	0	0	0	0	0	0	0	0	0	0	0	0	0	1	0	0	0	2	2	2	1	1	10	0	16	1	5	10	0	2	6	0	1	0	0	0	0	0	0	0	0	0	0	0	0	0
YGR032W	0	0	0	0	0	0	0	0	0	1	0	0	0	0	0	0	0	0	2	0	0	6	20	3	124	31	4	129	5	47	18	1	37	2	1	4	0	0	1	0	0	0	0	0	0	0	0	0
YJR145C	2	0	0	0	6	0	13	2	0	7	4	24	9	63	15	154	48	20	176	107	641	1172	7437	719	50370	5282	1048	29899	2208	20236	11242	1281	12853	2265	515	5178	126	145	605	0	0	0	0	0	0	0	0	0
YLR342W	0	0	0	0	0	0	0	0	0	1	0	0	0	0	0	0	0	0	2	0	0	6	20	3	124	31	4	129	5	47	18	1	37	2	1	4	0	0	1	0	0	0	0	0	0	0	0	0
YML026C	1	0	0	0	0	0	1	2	1	6	2	4	3	12	7	39	8	4	39	25	169	316	1791	154	13592	1093	226	6407	494	4297	2061	286	1869	423	95	667	20	12	112	0	0	0	0	0	0	0	0	0
YGL014W	0	0	0	0	0	0	0	0	0	0	0	0	0	0	0	0	0	0	0	0	0	0	2	0	9	2	0	0	1	1	2	0	0	0	0	0	0	0	0	0	0	0	0	0	0	0	0	0
YGR027C	1	0	0	0	0	0	0	1	1	0	0	0	0	2	1	11	1	0	10	4	11	61	166	19	1337	130	21	889	30	253	168	21	78	5	10	7	0	0	0	0	0	0	0	0	0	0	0	0
YJR127C	0	0	0	0	0	0	0	0	0	0	0	0	0	0	0	0	0	0	0	0	0	0	0	0	0	0	0	2	0	1	0	0	0	0	0	0	0	0	0	0	0	0	0	0	0	0	0	0
YDR034C-A	0	0	0	0	0	0	0	0	0	0	0	0	0	0	0	0	0	0	0	0	0	0	0	0	1	5	1	2	2	0	1	1	0	0	0	0	0	0	0	0	0	0	0	0	0	0	0	0
YOL106W	0	0	0	0	0	0	0	0	0	0	0	0	0	0	0	0	0	0	0	0	0	0	0	0	0	0	0	0	0	0	1	0	0	0	0	0	0	0	0	0	0	0	0	0	0	0	0	0
YPL280W	0	0	0	0	0	0	0	0	0	0	0	0	0	0	0	0	0	0	0	0	0	1	0	1	0	0	0	1	0	2	1	0	1	0	0	0	0	0	0	0	0	0	0	0	0	0	0	0
YHR180W-A	0	0	0	0	0	0	0	0	0	0	0	0	0	0	0	0	0	0	0	0	0	0	0	0	0	12	1	0	27	0	0	8	0	0	0	0	0	0	0	0	0	0	0	0	0	0	0	0
YAL011W	0	0	0	0	0	0	0	0	0	0	0	0	0	0	0	0	0	0	0	0	1	0	0	0	0	0	0	0	0	0	0	0	0	0	0	0	0	0	0	0	0	0	0	0	0	0	0	0
YER177W	0	0	0	0	0	0	0	0	0	0	0	1	0	1	0	1	0	0	6	2	12	31	89	8	620	48	19	467	35	255	144	2	191	13	3	48	4	0	3	0	0	0	0	0	0	0	0	0
YDR500C	0	0	0	0	1	0	1	1	0	0	0	2	1	6	0	15	7	1	8	7	52	68	663	83	3400	642	96	2406	217	1356	557	75	800	95	17	174	0	5	13	0	0	0	0	0	0	0	0	0
YMR246W	0	0	0	0	0	0	0	0	0	0	0	1	0	0	0	0	0	0	1	1	0	0	0	0	14	1	1	6	1	1	2	0	0	1	0	0	0	0	0	0	0	0	0	0	0	0	0	0
YBR031W	1	0	2	1	4	4	15	52	3	22	4	36	15	72	25	242	61	24	305	146	1004	1757	11154	1111	84518	7864	1699	49449	3483	37606	19790	1863	18758	3607	713	8329	195	158	1250	0	0	0	0	0	0	0	0	0
YLR448W	0	0	0	0	1	0	3	2	0	3	1	1	3	4	6	17	8	3	22	20	59	165	593	65	4369	413	201	2637	130	1703	699	78	931	65	38	250	5	11	10	0	0	0	0	0	0	0	0	0
YLR037C	0	0	0	0	0	0	0	0	0	0	0	0	0	0	0	0	0	0	0	0	0	0	4	0	9	2	0	5	0	2	0	0	0	0	0	0	0	0	0	0	0	0	0	0	0	0	0	0
YBR009C	0	0	2	0	2	0	2	3	0	4	1	7	7	13	6	50	15	6	65	26	205	330	2274	221	12598	1425	251	8003	487	4412	2432	246	2631	436	104	716	22	21	108	0	0	0	0	0	0	0	0	0
YLR167W	0	0	0	0	0	1	0	0	1	5	2	7	2	22	5	38	16	7	49	14	156	250	1444	156	12062	948	301	7127	547	6264	3252	388	2566	620	133	1453	25	74	376	0	0	0	0	0	0	0	0	0
YLR293C	0	0	0	0	0	0	0	0	0	0	0	0	0	0	0	0	0	0	0	0	0	4	7	1	66	10	1	145	3	3	24	0	0	1	1	0	0	0	0	0	0	0	0	0	0	0	0	0
YOR372C	0	0	0	0	0	0	0	0	0	0	0	0	0	0	0	0	2	0	4	0	3	4	4	1	72	14	2	39	5	17	14	5	8	0	0	1	2	0	1	0	0	0	0	0	0	0	0	0
YDR025W	2	0	0	1	0	0	2	0	2	5	1	7	0	13	8	33	14	5	65	31	162	349	1942	239	15569	1801	347	11578	583	5139	3536	334	3776	439	161	1144	50	33	144	0	0	0	0	0	0	0	0	0
YBL085W	0	0	0	0	0	0	0	0	0	0	0	0	0	0	0	1	0	0	0	0	0	1	0	0	0	0	0	0	0	0	0	0	0	0	0	0	0	0	0	0	0	0	0	0	0	0	0	0
YHR212W-A	0	0	0	0	0	0	0	0	0	0	0	0	0	0	0	0	0	0	0	0	0	0	0	0	0	0	1	0	0	0	0	0	0	0	0	0	0	0	0	0	0	0	0	0	0	0	0	0
YIL082W-A	0	0	0	0	0	0	0	0	0	0	0	0	0	0	0	0	0	0	0	0	0	1	8	2	37	8	7	43	8	25	18	9	8	11	3	7	2	0	0	0	0	0	0	0	0	0	0	0
YJR159W	0	0	0	0	0	0	0	0	0	0	0	0	0	0	0	0	0	0	0	0	0	1	3	4	12	19	4	21	16	5	8	7	6	1	1	5	0	0	0	0	0	0	0	0	0	0	0	0
YLR388W	0	0	0	0	0	0	0	0	0	1	0	1	0	4	0	4	3	0	4	3	24	48	192	41	1315	105	18	504	50	470	72	8	151	6	2	24	1	1	4	0	0	0	0	0	0	0	0	0
YPL220W	0	0	1	2	6	2	11	5	1	14	10	16	10	64	24	152	43	22	206	155	657	1541	6855	819	56147	5361	1270	33667	2663	25215	14550	1313	15067	2192	662	6769	70	150	787	0	0	0	0	0	0	0	0	0
YBL109W	0	0	0	0	0	0	0	0	0	0	0	0	0	0	0	0	0	0	0	0	0	0	0	0	2	0	0	1	1	0	0	0	0	0	0	0	0	0	0	0	0	0	0	0	0	0	0	0
YDR445C	0	0	0	0	0	0	1	1	0	0	1	0	6	0	4	12	11	38	140	171	87	590	107	531	168	340	859	297	678	267	608	293	299	396	215	348	169	35	92	0	0	0	0	0	0	0	0	0
YJL191W	0	0	1	0	0	2	1	1	0	1	0	6	1	7	4	27	8	1	57	20	108	198	1372	114	10367	783	183	4818	301	3742	1892	134	1526	469	31	541	22	5	184	0	0	0	0	0	0	0	0	0
YLR055C	0	0	0	0	0	0	0	0	0	0	0	0	0	0	0	0	0	0	0	1	2	0	1	0	18	1	0	2	0	0	0	0	0	0	0	0	0	0	0	0	0	0	0	0	0	0	0	0
YLR260W	0	0	0	0	0	0	0	0	0	0	0	0	0	0	0	0	0	2	0	0	0	0	2	0	4	0	0	4	0	2	0	0	0	0	0	0	0	0	0	0	0	0	0	0	0	0	0	0
YFL020C	0	0	0	0	0	0	0	0	0	0	0	0	0	0	0	0	0	0	0	0	0	0	1	0	13	3	1	9	0	4	3	0	3	1	0	0	0	0	0	0	0	0	0	0	0	0	0	0
YNR076W	0	0	0	0	0	0	0	0	0	0	0	0	0	0	0	0	0	0	0	0	0	1	0	0	0	0	0	7	0	1	3	0	1	0	0	1	0	0	0	0	0	0	0	0	0	0	0	0
YFR016C	0	0	2	0	0	0	0	0	0	0	0	0	0	0	0	6	3	0	2	0	3	12	38	8	282	10	2	76	10	76	32	5	17	9	0	17	0	0	0	0	0	0	0	0	0	0	0	0
YLR450W	0	0	0	0	0	0	0	0	0	0	0	0	0	0	0	0	0	0	0	0	0	0	0	0	1	0	0	0	0	0	0	0	0	0	0	0	0	0	0	0	0	0	0	0	0	0	0	0
YKL164C	0	0	0	0	1	0	0	2	0	0	5	7	7	31	0	31	16	0	33	8	109	209	2039	169	12615	1631	174	6065	464	4612	1932	126	2386	214	54	769	25	12	121	0	0	0	0	0	0	0	0	0
YIR043C	0	0	0	1	0	0	0	0	0	0	0	0	0	3	0	1	0	0	1	0	3	6	45	12	257	59	14	214	29	113	111	24	143	18	9	66	0	2	56	0	0	0	0	0	0	0	0	0
YHL033C	0	0	1	0	0	0	1	4	2	4	4	11	1	27	11	50	19	7	51	40	188	388	2215	249	18262	1707	405	10055	671	8162	3570	490	4294	685	182	1474	29	54	137	0	0	0	0	0	0	0	0	0
YDL081C	0	0	0	0	0	0	0	1	0	2	0	0	0	1	1	4	4	0	9	0	0	1	1	0	1	1	0	1	0	0	1	0	0	0	0	0	0	0	0	0	0	0	0	0	0	0	0	0
YDR155C	0	0	0	0	0	0	0	1	0	0	0	0	0	0	0	0	0	0	1	0	0	0	0	0	0	0	0	1	0	0	1	0	0	0	0	0	0	0	0	0	0	0	0	0	0	0	0	0
YNL268W	0	0	0	0	0	0	0	0	0	0	0	0	0	0	0	0	0	0	1	0	0	1	2	1	52	9	2	31	1	49	25	2	31	1	0	10	2	0	3	0	0	0	0	0	0	0	0	0
YGL181W	0	0	0	0	0	0	0	0	0	0	0	0	0	0	0	0	0	0	0	0	0	0	0	0	6	1	0	0	0	10	0	3	3	0	8	0	0	0	0	0	0	0	0	0	0	0	0	0
YKL032C	0	0	0	0	0	0	0	0	0	0	0	0	0	0	0	0	0	0	1	0	0	2	5	1	88	12	1	47	0	25	7	4	16	0	3	0	1	0	0	0	0	0	0	0	0	0	0	0
YGL013C	0	0	0	0	0	0	0	0	0	0	0	0	0	0	0	0	0	0	0	0	1	0	0	0	4	0	0	2	0	0	0	0	0	0	0	0	0	0	0	0	0	0	0	0	0	0	0	0
YMR070W	0	0	0	0	0	0	0	0	0	0	0	0	0	0	0	0	0	0	0	0	0	0	0	0	0	0	0	0	0	0	1	0	0	0	0	0	0	0	0	0	0	0	0	0	0	0	0	0
YLL043W	0	0	0	0	0	0	0	0	0	0	0	0	0	0	0	0	0	0	0	0	0	0	0	0	5	0	0	0	0	3	0	0	1	0	0	0	0	0	0	0	0	0	0	0	0	0	0	0
YPL009C	0	0	0	0	0	0	1	0	0	0	0	0	0	1	0	17	7	0	8	0	9	30	92	7	584	0	0	79	14	53	53	20	9	16	0	6	0	0	0	0	0	0	0	0	0	0	0	0
YKL163W	0	0	0	0	1	0	0	0	0	0	0	0	0	2	0	4	2	0	2	3	5	16	137	21	1270	177	33	959	54	825	372	23	558	78	17	203	8	1	59	0	0	0	0	0	0	0	0	0
YBR301W	0	0	0	0	0	0	0	0	0	0	0	0	0	0	0	0	0	0	0	0	0	1	1	0	9	0	0	8	0	3	3	0	1	1	0	0	0	0	0	0	0	0	0	0	0	0	0	0
YBR084C-A	1	1	0	0	3	0	4	2	1	4	3	12	2	22	9	54	19	6	104	54	281	503	3109	302	19300	1787	282	10389	745	6318	3702	433	3251	610	154	1427	19	28	98	0	0	0	0	0	0	0	0	0
YAR042W	0	0	0	0	0	0	0	0	0	0	0	0	0	0	0	0	0	0	0	0	0	0	1	0	4	0	0	1	0	2	0	0	0	0	1	0	0	0	0	0	0	0	0	0	0	0	0	0
YAL023C	0	0	0	0	0	0	0	0	0	0	0	0	0	0	0	0	0	0	0	0	0	0	1	0	0	0	0	0	0	0	0	0	0	0	0	0	0	0	0	0	0	0	0	0	0	0	0	0
YJL221C	0	0	0	0	0	0	0	0	0	0	0	0	0	0	0	0	0	0	1	0	1	1	10	2	53	17	0	36	10	34	19	4	20	5	1	8	0	0	0	0	0	0	0	0	0	0	0	0
YFL059W	0	0	0	0	0	0	0	0	0	0	0	0	0	0	0	0	1	0	0	0	5	5	11	3	184	24	9	98	20	80	55	5	54	3	2	20	1	0	3	0	0	0	0	0	0	0	0	0
YNL335W	0	0	0	0	0	0	0	0	0	0	0	0	0	0	0	0	0	0	0	0	0	0	0	0	10	1	0	3	0	0	3	0	1	0	0	1	0	0	0	0	0	0	0	0	0	0	0	0
YHR217C	0	0	0	0	0	0	0	0	0	0	0	0	0	0	0	0	0	0	0	0	0	0	0	0	2	0	0	1	1	0	0	0	0	0	0	0	0	0	0	0	0	0	0	0	0	0	0	0
YDR343C	0	0	0	0	0	0	1	1	0	1	0	1	1	2	1	9	4	3	26	5	28	81	405	65	2881	405	60	2299	155	1269	871	63	1363	118	33	446	11	11	31	0	0	0	0	0	0	0	0	0
YIL105C	0	0	0	0	0	0	0	0	0	0	0	0	0	0	0	0	0	0	0	0	2	3	10	2	139	13	2	81	4	36	23	6	26	3	9	7	2	0	0	0	0	0	0	0	0	0	0	0
YKL162C-A	0	0	0	0	0	0	0	0	0	0	0	0	0	0	0	0	0	0	1	0	3	10	0	2	0	0	84	0	0	0	0	0	0	0	0	0	0	0	0	0	0	0	0	0	0	0	0	0
YGR292W	0	0	0	0	0	0	0	0	0	0	0	0	0	0	0	1	0	0	0	0	0	1	3	0	43	3	4	24	2	25	9	2	5	2	2	3	0	0	0	0	0	0	0	0	0	0	0	0
YFR019W	0	0	0	0	0	0	0	0	0	0	0	0	0	0	0	0	0	0	0	0	0	0	0	0	9	0	2	0	0	0	2	0	0	0	0	0	0	0	0	0	0	0	0	0	0	0	0	0
YMR142C	0	0	0	0	0	0	3	0	1	1	1	7	3	16	4	55	15	3	39	17	140	242	1825	109	11697	826	107	4715	308	3068	1788	264	1568	446	76	395	17	4	111	0	0	0	0	0	0	0	0	0
YBR212W	0	0	0	0	0	0	0	0	0	0	0	0	0	0	0	0	0	0	0	0	0	0	1	1	0	0	0	3	0	0	3	0	0	0	0	1	0	0	0	0	0	0	0	0	0	0	0	0
YDR150W	0	0	0	0	0	0	0	0	0	0	0	0	0	5	0	14	0	0	2	4	80	100	585	88	4886	426	128	2920	188	2259	1236	178	1367	175	47	559	14	14	50	0	0	0	0	0	0	0	0	0
YDL182W	0	1	0	0	0	1	0	0	0	1	0	4	0	3	2	13	6	2	23	9	53	117	503	65	4268	411	89	2453	166	1859	991	97	1141	184	41	389	13	5	71	0	0	0	0	0	0	0	0	0
YGR085C	1	0	1	1	2	2	5	4	2	7	3	15	9	49	13	127	39	16	128	102	583	1015	5814	619	47040	4170	841	26562	1886	15674	10368	855	8551	1755	370	3682	110	99	556	0	0	0	0	0	0	0	0	0
YNL031C	0	0	0	0	0	0	2	2	0	0	1	2	1	7	3	22	6	4	21	14	90	185	1139	133	7934	871	249	5141	447	5096	2478	282	2833	631	120	1231	24	11	238	0	0	0	0	0	0	0	0	0
YIL169C	0	0	0	0	0	0	0	0	0	0	0	0	1	1	0	0	1	0	0	1	1	12	64	4	365	28	62	174	34	165	57	22	90	14	9	30	0	0	1	0	0	0	0	0	0	0	0	0
YDR225W	0	0	0	0	3	0	0	0	0	1	2	4	1	4	3	12	2	3	17	7	36	66	473	37	3521	258	67	1566	130	926	605	101	316	119	43	145	4	9	28	0	0	0	0	0	0	0	0	0
YML034W	0	0	0	0	0	0	0	0	0	0	0	0	0	0	0	0	0	0	0	0	0	0	7	0	66	3	2	15	1	13	7	2	6	3	0	3	0	0	1	0	0	0	0	0	0	0	0	0
YIR039C	0	0	0	0	0	0	0	0	0	0	0	0	0	0	0	0	0	0	0	0	0	1	1	0	4	1	1	3	0	2	0	0	1	0	0	0	0	0	0	0	0	0	0	0	0	0	0	0
YGR014W	0	0	0	0	0	0	0	0	0	0	0	0	0	0	0	2	0	0	0	0	0	9	65	8	467	64	23	287	32	195	81	14	105	23	0	25	0	0	13	0	0	0	0	0	0	0	0	0
YMR273C	0	0	0	0	0	0	0	0	0	0	0	0	0	0	0	0	0	0	0	0	0	0	1	0	0	0	0	0	0	0	0	0	0	0	0	0	0	0	0	0	0	0	0	0	0	0	0	0
YGL135W	0	0	1	2	6	2	11	5	1	14	10	16	10	64	24	152	43	22	206	155	657	1541	6855	819	56147	5361	1270	33667	2663	25215	14550	1313	15067	2192	662	6769	70	150	787	0	0	0	0	0	0	0	0	0
YPR120C	0	0	0	0	0	0	0	0	0	0	0	0	0	0	0	0	0	0	0	0	0	0	1	0	0	0	0	0	0	0	0	0	0	0	0	0	0	0	0	0	0	0	0	0	0	0	0	0
YOL130W	0	0	0	0	0	0	0	0	0	0	0	0	0	0	0	0	0	0	0	0	0	0	1	0	13	2	1	3	0	5	3	0	4	0	0	0	0	0	0	0	0	0	0	0	0	0	0	0
YOL155C	0	0	0	0	0	0	0	0	0	0	0	3	0	2	2	3	1	0	0	1	9	18	121	15	834	91	16	487	40	412	183	16	210	32	8	91	1	2	2	0	0	0	0	0	0	0	0	0
YDL191W	0	0	2	2	1	5	6	1	1	8	3	18	6	37	15	101	32	21	151	92	456	1031	5033	569	37448	3422	1166	21479	1639	22666	8239	1154	10686	1164	493	4299	88	161	420	0	0	0	0	0	0	0	0	0
YJL123C	0	0	0	0	0	0	0	0	0	0	0	0	0	0	0	0	0	0	0	0	0	0	1	0	1	0	0	0	0	0	0	0	0	0	0	0	0	0	0	0	0	0	0	0	0	0	0	0
YHR066W	0	0	0	0	0	0	0	0	0	0	0	0	0	0	0	2	0	1	2	1	5	9	82	11	510	46	17	235	26	223	83	16	68	13	7	43	2	0	0	0	0	0	0	0	0	0	0	0
YER060W	0	0	0	0	0	0	0	0	0	0	0	0	0	0	0	0	0	0	0	0	0	0	1	0	7	4	0	11	2	3	6	0	5	1	0	3	0	0	0	0	0	0	0	0	0	0	0	0
YAL065C	0	0	0	0	0	0	0	0	0	0	0	0	0	0	0	0	0	0	0	0	0	0	1	0	3	0	0	3	3	4	2	1	1	0	0	0	0	0	0	0	0	0	0	0	0	0	0	0
YOR010C	0	0	0	0	0	0	0	0	0	0	0	0	0	0	0	0	0	0	0	0	0	0	3	1	21	2	0	16	1	10	2	1	8	2	0	3	0	0	0	0	0	0	0	0	0	0	0	0
YLR287C-A	1	0	0	0	3	0	3	1	1	1	2	4	6	13	1	38	6	4	31	29	113	256	1321	131	10620	891	164	5381	406	2745	2563	234	1723	244	191	748	26	14	51	0	0	0	0	0	0	0	0	0
YMR164C	0	0	0	0	0	0	1	0	0	0	0	0	0	1	0	4	0	0	0	0	5	15	39	7	507	48	8	266	27	136	103	25	62	9	14	36	1	5	2	0	0	0	0	0	0	0	0	0
YOR388C	0	0	0	0	0	0	0	0	0	0	0	0	0	0	0	0	0	0	0	0	0	0	1	0	7	4	0	4	1	4	1	1	2	2	0	1	0	0	0	0	0	0	0	0	0	0	0	0
YCR104W	0	0	0	0	0	0	0	0	0	0	0	0	0	0	0	0	0	0	0	0	0	0	1	0	3	1	0	4	0	1	2	0	0	0	0	1	0	0	0	0	0	0	0	0	0	0	0	0
YOL166C	0	0	0	0	0	0	0	0	0	0	0	0	0	0	1	0	0	0	0	0	0	0	0	0	0	0	0	0	0	0	0	0	0	0	0	0	0	0	0	0	0	0	0	0	0	0	0	0
YMR322C	0	0	0	0	0	0	0	0	0	0	0	0	0	0	0	0	0	0	0	0	0	1	0	1	0	0	0	1	0	2	1	0	1	0	0	0	0	0	0	0	0	0	0	0	0	0	0	0
YDR040C	0	0	0	0	0	0	1	1	0	1	0	0	2	1	0	7	5	1	15	10	38	95	519	56	3645	401	84	2149	194	1601	927	108	889	148	40	394	4	12	52	0	0	0	0	0	0	0	0	0
YPL048W	0	0	0	0	0	0	0	0	0	0	0	0	0	0	1	0	0	0	2	1	1	4	41	6	298	32	2	273	10	152	63	9	187	29	10	26	3	0	0	0	0	0	0	0	0	0	0	0
YLL064C	0	0	0	0	0	0	0	0	0	0	0	0	0	0	0	0	0	0	0	0	0	1	0	0	0	0	0	7	0	1	3	0	1	0	0	1	0	0	0	0	0	0	0	0	0	0	0	0
YNL104C	0	0	0	0	1	0	0	0	0	0	0	0	0	0	0	1	2	0	0	1	0	6	32	2	235	14	3	139	8	75	23	3	29	7	1	9	0	0	1	0	0	0	0	0	0	0	0	0
YOR383C	0	0	0	0	0	0	0	2	0	0	0	0	0	1	6	7	2	0	1	4	6	6	72	7	760	92	4	372	28	230	108	6	192	26	0	56	0	0	10	0	0	0	0	0	0	0	0	0
YLR180W	0	0	0	0	0	0	0	0	0	0	0	3	1	0	0	0	0	1	5	4	16	20	206	18	1438	141	18	801	57	140	316	12	139	40	2	33	1	0	3	0	0	0	0	0	0	0	0	0
YPL190C	0	0	0	0	0	0	0	0	0	0	0	0	0	1	0	7	3	0	3	0	8	18	56	8	531	44	7	277	24	112	98	23	54	10	13	28	1	5	2	0	0	0	0	0	0	0	0	0
YMR242C	1	0	0	0	0	0	2	1	0	7	1	7	2	24	3	64	15	7	48	33	198	438	2425	244	19194	1749	248	9976	867	4235	4314	545	2176	663	213	1072	22	18	198	0	0	0	0	0	0	0	0	0
YNL112W	0	0	0	0	0	0	0	0	0	0	0	0	1	0	0	0	0	0	0	0	0	0	0	0	0	0	0	0	0	0	0	0	0	0	0	0	0	0	0	0	0	0	0	0	0	0	0	0
YLR403W	0	0	0	0	0	0	0	0	0	0	0	0	0	0	0	0	0	0	0	0	0	0	0	0	4	0	0	0	0	0	2	0	0	0	0	0	0	0	0	0	0	0	0	0	0	0	0	0
YIR023W	0	0	0	0	0	0	0	0	0	0	0	0	0	0	0	0	0	0	1	0	0	0	0	0	10	0	0	0	0	5	0	0	0	0	0	0	0	0	0	0	0	0	0	0	0	0	0	0
YGR143W	0	0	0	0	0	0	0	0	0	0	0	0	0	0	0	0	0	0	1	0	0	3	0	0	16	0	0	14	0	16	4	0	6	1	0	0	0	0	0	0	0	0	0	0	0	0	0	0
YAR050W	0	0	0	0	0	0	0	0	0	0	0	0	0	0	0	0	0	0	0	0	0	0	1	0	2	0	2	6	3	5	2	1	7	0	0	0	0	0	1	0	0	0	0	0	0	0	0	0
YOR267C	0	0	0	0	0	0	0	0	0	0	0	0	0	0	0	0	5	0	16	0	8	9	16	0	199	46	11	126	8	84	59	28	19	0	0	10	10	0	9	0	0	0	0	0	0	0	0	0
YLR095C	0	0	0	0	0	0	0	0	0	0	0	0	0	0	0	0	0	0	0	0	0	4	2	0	51	4	3	23	0	11	5	4	2	0	0	0	0	0	0	0	0	0	0	0	0	0	0	0
YHR044C	0	0	0	0	0	0	0	0	0	0	0	0	0	0	0	0	1	0	0	0	4	4	39	6	199	21	11	115	14	108	46	5	51	10	2	29	1	1	2	0	0	0	0	0	0	0	0	0
YHR056C	0	0	0	0	0	0	0	0	0	0	0	0	0	1	1	3	0	0	3	3	12	22	91	19	775	82	40	419	50	415	200	29	235	42	15	90	3	1	16	0	0	0	0	0	0	0	0	0
YER111C	0	0	0	0	0	0	0	0	0	0	0	0	0	1	0	0	0	0	0	0	0	0	0	0	0	0	0	0	0	0	0	0	0	0	0	0	0	0	0	0	0	0	0	0	0	0	0	0
YPL158C	0	0	0	0	0	0	0	0	0	0	0	0	0	0	0	0	0	0	0	2	0	2	1	1	38	0	0	7	0	5	5	0	0	0	0	1	0	0	0	0	0	0	0	0	0	0	0	0
YKR094C	0	0	0	1	0	1	2	1	2	9	3	16	2	36	13	65	31	12	115	29	309	409	2824	398	28061	2800	647	23443	1623	14193	8917	946	8545	1252	512	3296	67	239	591	0	0	0	0	0	0	0	0	0
YBL081W	0	0	0	0	0	0	0	0	0	0	0	0	0	0	0	0	0	0	0	2	0	4	1	6	30	0	52	3	6	30	3	6	14	1	2	0	0	0	0	0	0	0	0	0	0	0	0	0
YOL039W	0	0	0	0	0	0	3	1	0	2	1	5	1	9	4	22	9	0	41	10	62	148	526	107	4360	729	70	4769	139	1471	952	82	1198	337	42	258	11	3	0	0	0	0	0	0	0	0	0	0
YHR214W	0	0	0	0	0	0	0	0	0	0	0	0	0	0	0	0	1	0	0	1	1	5	30	3	224	20	5	133	13	110	53	5	55	19	2	25	1	1	3	0	0	0	0	0	0	0	0	0
YLR264W	0	0	0	0	0	0	0	1	0	1	0	1	0	1	1	5	1	0	7	1	4	9	107	2	328	36	2	228	5	74	43	5	40	6	5	21	0	0	0	0	0	0	0	0	0	0	0	0
YLR460C	0	0	0	0	0	0	0	0	0	0	0	0	0	0	0	0	0	0	0	0	1	0	7	0	20	1	0	8	1	20	7	0	11	1	0	5	1	0	0	0	0	0	0	0	0	0	0	0
YNL298W	0	0	0	0	0	0	0	0	0	0	0	0	0	0	0	0	0	0	0	0	0	0	0	0	0	0	0	1	0	0	0	0	0	0	0	0	0	0	0	0	0	0	0	0	0	0	0	0
YDR420W	0	0	0	0	0	0	0	0	0	0	0	0	0	0	0	0	0	0	0	0	0	0	12	0	236	57	0	128	0	171	69	0	87	8	0	45	0	0	8	0	0	0	0	0	0	0	0	0
YLR286C	0	0	0	0	0	0	0	0	0	0	0	0	0	0	0	0	0	0	2	0	10	0	50	0	322	0	0	0	0	2	0	0	0	0	0	0	0	0	2	0	0	0	0	0	0	0	0	0
YNL016W	0	0	0	0	0	0	0	0	0	0	0	0	0	0	0	2	0	0	0	0	3	4	19	0	273	29	6	107	8	57	23	1	21	0	0	9	0	1	0	0	0	0	0	0	0	0	0	0
YML113W	0	0	0	0	0	0	0	0	0	0	0	0	0	0	0	0	0	0	0	1	0	1	8	0	68	10	0	43	0	16	16	1	19	0	1	0	0	0	0	0	0	0	0	0	0	0	0	0
YIL123W	0	0	0	0	0	0	0	0	0	0	0	0	0	0	0	0	0	0	0	0	0	0	0	0	0	0	0	0	0	0	1	0	0	0	0	0	0	0	0	0	0	0	0	0	0	0	0	0
YKL117W	0	0	0	0	0	0	0	0	0	0	0	0	2	0	0	2	0	0	1	0	0	0	0	0	2	0	0	0	0	0	0	0	0	0	0	0	0	0	0	0	0	0	0	0	0	0	0	0
YLR330W	0	0	0	0	0	0	0	0	0	0	0	0	0	8	0	3	0	0	3	0	3	4	36	3	181	33	6	83	3	79	37	3	27	9	0	20	0	0	0	0	0	0	0	0	0	0	0	0
YOL157C	0	0	0	0	0	0	0	0	0	0	0	0	0	0	0	0	0	0	1	0	1	1	9	2	47	17	0	32	10	29	19	4	18	5	1	7	0	0	1	0	0	0	0	0	0	0	0	0
YNR072W	0	0	0	0	0	0	0	0	0	0	0	0	0	0	0	0	0	0	0	0	0	0	0	0	0	0	0	1	0	2	0	1	0	0	0	1	0	0	0	0	0	0	0	0	0	0	0	0
YOR310C	0	0	0	0	0	0	0	0	0	0	0	0	0	0	0	0	1	0	0	0	3	5	17	0	93	5	0	21	1	9	14	0	0	0	0	0	0	0	0	0	0	0	0	0	0	0	0	0
YHL009W-B	0	0	0	0	0	0	0	0	0	0	0	0	0	0	1	0	0	0	0	0	0	1	4	2	37	11	9	28	9	18	9	5	10	4	4	8	0	0	0	0	0	0	0	0	0	0	0	0
YJR160C	0	0	0	0	0	0	0	0	0	0	0	0	0	0	0	0	0	0	0	0	0	0	0	1	3	2	1	6	1	2	6	1	1	1	1	1	0	0	0	0	0	0	0	0	0	0	0	0
YPR159W	0	0	0	0	0	0	0	0	0	0	0	0	0	0	0	0	0	0	1	0	0	3	0	0	16	0	0	14	0	16	4	0	6	1	0	0	0	0	0	0	0	0	0	0	0	0	0	0
YPR148C	0	0	0	0	0	0	0	0	0	0	0	0	0	0	0	0	0	0	0	0	0	2	1	1	12	0	0	3	0	1	3	0	0	0	0	1	0	0	0	0	0	0	0	0	0	0	0	0
YMR303C	2	1	2	0	1	0	6	5	2	30	2	23	10	78	24	191	70	20	342	143	758	1519	7486	854	54954	5995	1138	35545	2572	22677	14384	1029	12759	3167	283	5417	166	78	466	0	0	0	0	0	0	0	0	0
YPL079W	1	1	0	1	0	0	6	2	0	5	2	7	2	24	8	66	14	5	66	40	307	419	3463	244	22655	1915	314	10228	712	7474	3223	476	4325	938	235	1337	49	32	284	0	0	0	0	0	0	0	0	0
YBL017C	0	0	0	0	0	0	0	0	0	0	0	0	0	0	0	0	0	0	0	0	1	1	1	1	25	3	2	19	0	7	4	0	2	0	0	1	0	0	0	0	0	0	0	0	0	0	0	0
YBR145W	0	0	0	0	0	0	0	0	0	0	0	0	0	0	0	0	0	0	0	0	0	0	0	0	3	0	0	2	0	0	0	0	0	0	0	0	0	0	0	0	0	0	0	0	0	0	0	0
YAR066W	0	0	0	0	0	0	0	0	0	0	0	0	0	0	0	0	1	0	0	1	1	5	30	3	224	20	5	133	13	110	53	5	55	19	2	25	1	1	3	0	0	0	0	0	0	0	0	0
YKL157W	0	0	0	0	0	0	0	0	0	0	0	0	0	0	0	0	0	0	0	0	0	0	0	0	0	1	0	0	0	0	0	0	0	0	0	0	0	0	0	0	0	0	0	0	0	0	0	0
YOR321W	0	0	0	0	0	0	0	0	0	0	0	0	0	0	0	0	0	0	0	0	0	0	1	0	0	0	0	0	0	0	0	0	0	0	0	0	0	0	0	0	0	0	0	0	0	0	0	0
YML053C	0	0	0	0	0	0	1	0	0	0	0	0	0	0	0	0	0	0	0	0	0	1	1	0	12	0	0	0	0	0	0	0	0	0	0	0	0	0	0	0	0	0	0	0	0	0	0	0
YMR186W	1	0	0	0	4	0	8	1	1	3	3	13	6	29	14	81	34	11	101	72	316	762	3351	322	26668	1974	554	12541	922	9130	5568	497	5150	1011	243	2093	50	43	348	0	0	0	0	0	0	0	0	0
YNL331C	0	0	0	0	0	0	0	0	0	0	0	0	0	0	0	0	0	0	0	0	0	0	0	0	5	0	0	4	0	1	1	1	0	0	0	1	0	0	0	0	0	0	0	0	0	0	0	0
YPL083C	0	0	0	0	0	0	0	0	0	0	0	0	0	0	0	2	1	0	1	0	0	4	0	0	0	0	1	0	0	0	0	0	0	0	0	0	0	0	0	0	0	0	0	0	0	0	0	0
YDR304C	0	0	0	0	0	0	0	1	0	0	0	0	0	0	0	0	0	0	1	0	0	0	0	0	0	0	0	0	0	0	1	0	0	0	0	0	0	0	0	0	0	0	0	0	0	0	0	0
YJR156C	0	0	0	0	0	0	0	0	0	0	0	0	0	0	0	0	0	0	0	2	0	1	4	1	30	5	9	33	12	33	25	16	20	3	8	7	0	1	2	0	0	0	0	0	0	0	0	0
YOL165C	0	0	0	0	0	0	0	0	0	0	0	0	0	0	0	0	0	0	0	0	0	0	0	1	0	0	0	1	0	0	0	0	0	0	0	0	0	0	0	0	0	0	0	0	0	0	0	0
YLR185W	0	0	0	0	1	0	1	1	0	0	0	2	1	6	0	15	7	1	8	7	52	70	662	82	3402	638	98	2406	217	1356	557	75	800	95	17	174	0	5	13	0	0	0	0	0	0	0	0	0
YCR107W	0	0	0	0	0	0	0	0	0	0	0	0	0	0	0	0	0	0	0	0	0	1	0	0	1	0	0	2	0	0	0	1	0	0	0	0	0	0	0	0	0	0	0	0	0	0	0	0
YKR072C	0	0	0	0	0	0	0	0	0	0	0	0	0	0	0	1	0	0	0	0	0	0	1	0	2	0	0	5	0	0	20	0	1	0	0	0	0	0	0	0	0	0	0	0	0	0	0	0
YDL014W	0	0	0	0	0	0	0	0	0	3	0	4	0	0	0	12	2	0	12	0	36	34	292	14	1527	220	10	1144	38	334	146	28	199	38	6	36	2	0	4	0	0	0	0	0	0	0	0	0
YJL020C	0	0	0	0	0	0	0	0	0	0	0	0	0	0	0	0	0	0	0	0	0	0	26	2	102	16	2	80	6	30	28	2	24	4	0	4	0	2	0	0	0	0	0	0	0	0	0	0
YIR006C	0	0	0	0	0	0	0	0	0	0	0	0	0	0	0	1	0	0	0	2	4	16	35	5	352	26	0	113	14	70	38	10	94	8	10	60	0	0	4	0	0	0	0	0	0	0	0	0
YNL042W-B	1	0	0	0	0	0	0	0	0	0	1	0	2	1	3	4	126	7	82	97	25	79	82	1429	76	285	1269	170	3	1065	5	27	2693	24	5	192	7	5	6	0	0	0	0	0	0	0	0	0
YPL146C	0	0	0	0	0	0	0	0	0	0	0	0	0	0	0	5	1	0	1	0	1	3	7	0	32	0	0	3	0	0	1	0	0	0	0	0	0	0	0	0	0	0	0	0	0	0	0	0
YER075C	0	0	0	0	0	0	0	0	0	0	0	0	0	0	0	1	0	0	0	0	1	0	3	0	4	0	0	0	0	1	0	0	0	0	0	0	0	0	0	0	0	0	0	0	0	0	0	0
YHR094C	0	0	0	0	0	0	0	0	0	0	0	1	0	0	1	5	2	0	6	2	7	15	96	8	712	88	8	525	24	235	178	13	152	31	5	56	3	0	1	0	0	0	0	0	0	0	0	0
YHR161C	0	0	0	0	0	0	0	0	0	0	0	0	0	0	0	0	0	0	0	0	0	0	0	0	12	0	0	10	2	12	2	4	6	0	0	2	0	0	0	0	0	0	0	0	0	0	0	0
YNR065C	0	0	0	0	0	0	0	0	0	0	0	0	0	0	0	0	0	0	0	0	1	5	20	3	129	19	5	86	5	67	24	4	25	11	0	12	1	0	3	0	0	0	0	0	0	0	0	0
YML049C	0	0	0	0	0	0	0	0	0	0	0	0	0	0	0	1	0	0	0	0	0	0	0	0	1	0	0	0	0	0	0	0	0	0	0	0	0	0	0	0	0	0	0	0	0	0	0	0
YGR138C	0	0	0	0	0	0	1	0	0	0	0	0	0	0	0	0	0	0	1	1	16	16	72	9	518	65	13	333	25	274	136	13	163	18	8	94	3	1	13	0	0	0	0	0	0	0	0	0
YJR151C	0	0	0	0	0	0	0	0	0	0	0	0	0	0	0	0	0	0	0	0	0	0	0	0	4	4	0	0	0	0	2	0	2	0	0	0	0	0	0	0	0	0	0	0	0	0	0	0
YFL024C	0	0	0	0	0	0	0	0	0	0	0	0	0	0	0	0	0	0	0	1	0	0	5	1	10	2	1	4	0	1	2	0	0	0	0	1	0	0	0	0	0	0	0	0	0	0	0	0
YER074W	1	0	0	0	1	0	12	4	2	2	0	11	9	47	18	106	26	9	108	63	376	874	4451	477	33995	3198	854	20467	1351	13532	7901	922	7875	2176	312	2767	55	60	278	0	0	0	0	0	0	0	0	0
YIL173W	0	0	0	0	0	0	0	0	0	0	0	2	1	0	0	0	0	0	3	2	8	15	76	8	586	57	22	334	23	293	152	20	142	32	9	71	1	5	13	0	0	0	0	0	0	0	0	0
YIL130W	0	0	0	0	0	0	1	0	0	0	0	0	0	0	0	0	0	0	0	0	0	1	1	0	9	1	0	0	0	1	0	0	1	0	0	0	0	0	0	0	0	0	0	0	0	0	0	0
YER056C-A	0	0	0	0	2	1	0	2	0	1	0	0	1	19	5	42	14	1	32	19	149	227	2064	156	12234	1605	154	7851	410	2683	1546	164	1849	254	46	405	17	7	134	0	0	0	0	0	0	0	0	0
YGR192C	10	0	9	10	20	20	49	22	13	81	27	131	50	359	144	875	293	119	1198	624	3425	7218	39195	4579	330743	34927	5891	239686	14585	124957	87832	6931	81722	19525	2789	33395	1309	610	3812	0	0	0	0	0	0	0	0	0
YJL158C	1	0	0	0	0	0	0	0	0	1	1	0	0	3	0	7	5	0	8	6	30	80	426	26	3546	245	83	1421	120	1524	383	86	678	111	30	178	6	3	35	0	0	0	0	0	0	0	0	0
YCL073C	0	0	0	0	0	0	0	0	0	0	0	0	0	0	0	0	0	0	0	0	0	0	5	2	30	1	2	11	2	10	6	1	4	3	0	1	0	0	0	0	0	0	0	0	0	0	0	0
YOR156C	0	0	0	0	0	0	0	0	0	0	0	0	0	0	0	0	0	0	0	0	0	0	0	0	1	0	0	0	0	0	0	0	0	0	0	0	0	0	0	0	0	0	0	0	0	0	0	0
YAR071W	1	0	1	0	0	0	2	1	3	1	1	8	2	13	6	40	10	2	38	27	163	358	1938	200	15692	1554	345	8768	686	6858	3252	386	3989	584	168	1500	36	19	190	0	0	0	0	0	0	0	0	0
YKL081W	0	0	0	0	0	0	0	0	0	0	0	0	0	0	1	0	0	0	2	1	1	4	41	6	298	32	2	273	10	152	63	9	187	29	10	26	3	0	0	0	0	0	0	0	0	0	0	0
YKL219W	0	0	0	0	0	0	0	0	0	0	0	0	0	0	0	0	0	0	0	0	2	3	11	2	76	4	3	34	1	30	11	5	12	1	2	5	0	0	0	0	0	0	0	0	0	0	0	0
YDL244W	0	0	0	0	0	0	0	0	0	0	0	0	0	0	0	0	0	0	0	2	0	1	4	1	26	3	8	25	9	24	19	11	14	2	6	6	0	1	2	0	0	0	0	0	0	0	0	0
YLL021W	0	0	0	0	0	0	0	0	0	0	0	0	0	0	0	0	0	0	0	0	0	0	4	0	8	0	0	0	0	0	0	0	0	0	0	0	0	0	0	0	0	0	0	0	0	0	0	0
YFL033C	0	0	0	0	0	0	0	0	0	0	0	0	0	0	0	0	0	0	0	0	0	0	0	0	9	0	0	0	0	2	1	0	1	0	0	1	0	0	0	0	0	0	0	0	0	0	0	0
YLR159C-A	0	0	0	0	0	0	0	0	0	0	0	0	0	0	0	0	0	0	0	0	0	0	0	0	0	0	0	0	0	0	0	0	0	0	1	0	0	0	0	0	0	0	0	0	0	0	0	0
YER033C	0	0	0	0	0	0	0	0	0	0	0	0	0	0	0	0	0	0	0	0	0	0	1	0	1	0	0	0	0	0	0	0	0	0	0	0	0	0	0	0	0	0	0	0	0	0	0	0
YJL098W	0	0	0	0	0	0	0	0	0	0	0	0	0	1	0	0	0	0	0	0	0	0	0	0	0	0	0	0	0	0	0	0	0	0	0	0	0	0	0	0	0	0	0	0	0	0	0	0
YPR156C	0	0	0	0	0	0	1	0	0	0	0	0	0	0	0	0	0	0	1	1	16	16	72	9	518	65	13	333	25	274	136	13	163	18	8	94	3	1	13	0	0	0	0	0	0	0	0	0
YLR451W	0	0	0	0	0	0	0	0	0	0	0	0	0	0	0	0	0	0	1	1	0	2	0	0	0	0	0	0	0	0	0	0	0	0	0	0	0	0	0	0	0	0	0	0	0	0	0	0
YNR047W	0	0	0	0	0	0	0	0	0	0	0	0	0	0	0	0	0	0	0	0	0	0	0	0	0	1	0	0	0	0	0	0	0	0	0	0	0	0	0	0	0	0	0	0	0	0	0	0
YJL222W	0	0	0	0	0	0	0	0	0	0	0	2	1	0	0	0	0	0	3	2	8	15	76	8	586	57	22	334	23	293	152	20	142	32	9	71	1	5	13	0	0	0	0	0	0	0	0	0
YDR154C	0	0	0	0	0	0	1	0	0	0	0	0	0	0	0	0	0	0	0	0	1	0	0	0	0	0	0	0	0	1	0	0	1	0	0	0	0	0	0	0	0	0	0	0	0	0	0	0
YLR333C	1	0	0	0	0	0	0	1	1	0	0	0	0	2	1	11	1	0	10	4	11	61	166	19	1337	130	21	889	30	253	168	21	78	5	10	7	0	0	0	0	0	0	0	0	0	0	0	0
YLR432W	0	0	1	0	0	0	0	0	0	0	0	0	1	6	2	28	2	3	19	5	56	88	538	61	4159	388	78	2473	145	1406	899	113	898	225	38	339	7	4	43	0	0	0	0	0	0	0	0	0
YDR534C	0	0	0	0	0	0	2	0	0	0	0	0	0	1	0	1	0	0	1	3	8	2	21	4	147	15	3	87	5	52	37	0	29	4	3	14	0	0	2	0	0	0	0	0	0	0	0	0
YIL060W	0	0	0	0	0	0	0	0	0	0	0	0	0	0	0	0	0	0	0	0	0	0	1	0	24	4	1	11	2	29	3	1	13	1	0	6	0	0	0	0	0	0	0	0	0	0	0	0
YHR183W	0	0	0	0	0	0	0	0	0	0	0	0	0	0	0	0	0	0	0	0	0	1	0	0	1	0	0	0	0	0	0	0	0	0	0	0	0	0	0	0	0	0	0	0	0	0	0	0
YDR186C	0	0	0	0	0	0	0	0	0	0	0	0	0	0	0	0	0	0	0	0	0	0	0	0	3	0	0	1	0	0	0	0	0	0	0	0	0	0	0	0	0	0	0	0	0	0	0	0
YJL138C	0	0	1	1	3	1	11	2	1	13	7	17	8	58	23	175	58	26	233	118	686	1406	7271	865	57718	5992	1235	37140	2575	21756	14223	1195	12616	2216	568	5317	108	108	556	0	0	0	0	0	0	0	0	0
YAR028W	0	0	0	0	0	0	0	0	0	0	0	0	0	0	0	0	0	0	0	0	0	0	0	0	3	2	0	9	0	4	2	0	2	0	0	4	0	0	0	0	0	0	0	0	0	0	0	0
YCR018C-A	0	0	0	0	0	0	0	0	0	0	0	0	0	0	0	0	0	0	0	1	0	1	1	4	13	22	6	25	17	7	12	2	6	1	2	2	0	0	0	0	0	0	0	0	0	0	0	0
YAR053W	0	0	0	0	0	0	0	0	0	0	0	0	0	0	0	0	0	0	0	0	0	0	0	0	2	1	1	3	0	0	0	0	0	0	0	0	0	0	0	0	0	0	0	0	0	0	0	0
YPR102C	1	0	1	1	2	2	5	4	2	7	3	15	9	49	13	127	39	16	128	102	583	1015	5814	619	47040	4170	841	26562	1886	15674	10368	855	8551	1755	370	3682	110	99	556	0	0	0	0	0	0	0	0	0
YNL334C	0	0	0	0	0	0	0	0	0	0	0	0	0	0	0	0	0	0	0	0	1	2	4	0	33	3	1	12	4	19	7	6	9	2	0	2	0	0	1	0	0	0	0	0	0	0	0	0
YBR010W	0	0	0	0	0	0	2	2	0	0	1	2	1	7	3	22	6	4	21	14	90	189	1137	131	7933	868	253	5141	444	5099	2476	282	2835	630	120	1232	23	11	239	0	0	0	0	0	0	0	0	0
YPL250W-A	0	0	0	0	0	0	0	0	0	0	0	0	0	0	0	0	0	0	0	0	0	0	1	0	0	0	0	1	0	0	0	0	1	0	0	0	0	0	0	0	0	0	0	0	0	0	0	0
YPL090C	2	0	3	0	2	2	18	9	3	21	8	38	19	109	29	287	86	40	368	202	1195	2222	13794	1379	96002	9219	1881	53064	3975	36811	20209	2201	22929	3654	911	8465	161	240	1088	0	0	0	0	0	0	0	0	0
YBR302C	0	0	0	1	0	0	0	0	0	3	0	0	1	5	2	6	5	0	5	7	18	43	208	50	1684	269	62	1229	147	769	470	72	610	73	36	276	4	6	66	0	0	0	0	0	0	0	0	0
YPL016W	0	0	0	0	0	0	0	0	0	0	0	0	0	0	0	0	0	0	0	0	0	0	0	0	1	0	0	0	0	0	2	0	0	0	0	0	0	0	0	0	0	0	0	0	0	0	0	0
YGR214W	0	0	0	0	0	0	0	0	0	1	0	3	0	9	2	31	3	1	31	12	75	122	859	73	6595	581	71	2910	138	1000	630	93	639	105	33	265	9	10	11	0	0	0	0	0	0	0	0	0
YGR086C	0	0	0	0	0	0	0	0	0	0	0	0	0	0	0	0	0	0	1	0	0	0	0	0	0	0	0	0	0	0	0	0	0	0	0	0	0	0	0	0	0	0	0	0	0	0	0	0
YPL106C	0	0	0	0	0	0	0	0	0	0	0	0	0	0	0	0	0	0	0	0	0	0	0	0	1	0	0	0	0	0	0	1	0	0	0	0	0	0	0	0	0	0	0	0	0	0	0	0
YML065W	0	0	0	0	0	0	0	0	0	0	0	0	0	0	0	0	0	0	1	0	2	0	0	5	0	0	0	0	0	0	0	0	0	0	0	0	0	0	0	0	0	0	0	0	0	0	0	0
YLL013C	0	0	0	0	0	0	0	0	0	0	0	0	0	0	0	1	0	0	0	0	0	0	1	0	19	0	1	9	0	1	0	0	0	0	0	0	0	0	0	0	0	0	0	0	0	0	0	0
YMR109W	0	0	0	0	0	0	0	0	0	0	0	0	0	0	0	0	0	0	0	0	0	0	1	0	2	1	0	2	0	2	0	1	0	1	0	0	0	0	0	0	0	0	0	0	0	0	0	0
YLR334C	0	0	0	0	0	0	0	0	0	0	0	0	0	0	0	0	0	0	0	0	0	0	0	0	0	0	1	1	0	0	0	1	1	0	0	0	0	0	0	0	0	0	0	0	0	0	0	0
YDR228C	0	0	0	0	0	0	0	0	0	0	0	0	0	0	0	0	0	0	0	0	0	1	2	0	45	3	0	23	0	3	12	0	3	0	0	1	0	0	0	0	0	0	0	0	0	0	0	0
YLR114C	0	0	0	0	0	0	0	0	0	0	0	2	0	0	0	0	0	0	0	0	0	0	4	0	78	0	2	20	2	18	2	0	2	4	0	0	0	0	0	0	0	0	0	0	0	0	0	0
YGR124W	0	0	0	0	0	0	0	0	0	1	1	0	0	4	0	3	2	0	7	8	27	37	214	18	1628	129	35	866	52	708	345	40	272	70	10	108	2	1	15	0	0	0	0	0	0	0	0	0
YBR017C	0	0	0	0	0	0	0	0	0	0	0	0	0	0	0	1	0	0	0	0	0	0	0	0	0	0	0	0	0	0	0	0	0	0	0	0	0	0	0	0	0	0	0	0	0	0	0	0
YJR158W	0	0	0	0	0	0	0	0	0	0	0	0	0	0	0	0	0	0	0	0	0	0	0	0	0	0	0	1	0	4	0	1	0	0	0	1	0	0	0	0	0	0	0	0	0	0	0	0
YML078W	0	0	0	0	0	0	0	0	0	0	0	0	0	0	0	0	0	0	0	0	0	0	0	0	0	0	0	1	0	0	0	0	0	0	0	0	0	0	0	0	0	0	0	0	0	0	0	0
YLR141W	0	0	0	0	0	0	0	0	0	0	0	0	0	0	0	0	2	0	0	0	0	0	0	0	0	0	0	0	0	0	0	0	0	0	0	0	0	0	0	0	0	0	0	0	0	0	0	0
YMR317W	0	0	0	0	0	0	0	0	0	0	0	0	0	0	0	0	0	0	0	0	0	0	2	0	22	0	6	29	3	13	13	2	20	0	0	7	0	0	0	0	0	0	0	0	0	0	0	0
YDL161W	0	0	0	0	0	0	0	0	0	0	0	0	0	0	0	0	0	0	0	0	0	0	0	0	0	0	0	0	0	0	0	0	0	0	1	0	0	0	0	0	0	0	0	0	0	0	0	0
YJR048W	0	0	0	0	0	0	0	0	0	0	0	0	0	0	0	0	0	0	0	0	0	0	9	2	29	4	0	14	1	16	12	1	9	1	0	4	0	0	1	0	0	0	0	0	0	0	0	0
YBR092C	0	0	0	0	0	0	1	0	0	0	2	0	0	3	0	2	1	0	5	6	19	28	186	15	1685	130	23	815	48	494	266	26	328	82	10	81	4	4	11	0	0	0	0	0	0	0	0	0
YMR325W	0	0	0	0	0	0	0	0	0	0	0	0	0	0	0	0	0	0	0	0	0	0	1	0	3	1	0	5	0	1	1	0	0	0	0	0	0	0	0	0	0	0	0	0	0	0	0	0
YMR173W	3	0	0	65	0	0	3	0	8	0	0	3	0	9	6	6	14	8	33	13	91	193	1587	152	11855	1327	258	6178	460	4134	2184	312	2124	618	94	911	37	20	122	0	0	0	0	0	0	0	0	0
YOR393W	0	0	0	0	0	0	0	0	0	0	0	0	0	0	0	0	0	0	0	0	0	0	1	0	9	1	1	6	2	1	1	1	4	1	0	0	0	0	0	0	0	0	0	0	0	0	0	0
YNL161W	0	0	0	0	0	0	0	0	0	0	0	0	0	0	0	0	0	0	0	0	0	0	0	0	2	0	0	0	0	0	0	0	0	0	0	0	0	0	0	0	0	0	0	0	0	0	0	0
YFL037W	0	0	0	0	0	0	0	0	0	0	0	0	0	0	0	0	0	0	0	0	0	0	0	0	0	0	0	0	0	0	0	0	1	0	0	0	0	0	0	0	0	0	0	0	0	0	0	0
YPR043W	0	0	0	0	0	0	1	0	0	0	0	0	1	0	0	5	3	0	9	3	17	33	146	21	1294	181	78	857	163	2117	484	48	693	56	9	458	5	8	77	0	0	0	0	0	0	0	0	0
YPL198W	0	0	4	1	3	2	10	3	2	12	5	24	16	77	17	193	52	27	167	128	659	1610	7323	875	59163	6186	1393	35104	2812	22786	13763	1401	14502	2222	477	5715	117	122	556	0	0	0	0	0	0	0	0	0
YDR382W	0	0	0	0	0	0	2	0	0	0	0	1	0	0	0	6	1	0	5	0	15	8	92	13	435	30	9	140	0	341	1	0	145	0	0	0	0	0	0	0	0	0	0	0	0	0	0	0
YGR294W	0	0	0	0	0	0	0	0	0	0	0	0	0	0	0	0	0	0	0	0	0	1	0	0	10	2	1	10	0	2	2	0	1	0	0	0	0	0	0	0	0	0	0	0	0	0	0	0
YOL161C	0	0	0	0	0	0	0	0	0	0	0	0	0	0	0	0	0	0	0	0	0	1	0	0	0	0	0	3	0	0	0	0	0	1	0	0	0	0	0	0	0	0	0	0	0	0	0	0
YGR254W	2	2	7	8	9	11	36	22	16	58	22	113	45	261	120	845	258	76	943	459	3294	5136	37330	3699	292842	25952	5129	171401	10585	130121	57765	6841	67177	16082	2308	26015	545	374	6353	0	0	0	0	0	0	0	0	0
YDR366C	0	0	0	0	0	0	0	0	0	0	0	0	0	0	0	0	0	0	0	0	0	1	0	0	2	3	3	3	4	2	4	2	0	1	0	1	0	0	0	0	0	0	0	0	0	0	0	0
YOR113W	0	0	0	0	0	0	0	0	0	0	0	0	0	0	0	0	0	0	0	0	1	0	0	0	5	0	0	2	0	0	0	0	0	0	0	0	0	0	0	0	0	0	0	0	0	0	0	0
YMR121C	0	0	0	0	2	1	2	2	1	2	1	12	2	19	6	74	12	5	66	40	236	419	3042	266	19995	1900	393	9929	808	8160	3465	464	4398	704	212	1280	33	31	259	0	0	0	0	0	0	0	0	0
YOR234C	1	0	0	0	0	0	0	0	0	1	1	2	1	2	0	5	2	1	3	4	21	37	337	19	1931	209	6	780	10	303	61	4	94	9	0	6	1	1	1	0	0	0	0	0	0	0	0	0
YOL051W	0	0	0	0	0	0	0	0	0	0	0	0	0	0	0	0	2	0	1	1	0	3	34	0	206	17	6	148	28	80	46	18	23	1	4	14	0	4	3	0	0	0	0	0	0	0	0	0
YNR044W	0	0	0	0	0	0	0	0	0	0	0	0	0	0	0	0	0	0	2	0	0	0	4	0	90	20	0	46	0	50	14	0	36	2	0	10	0	2	0	0	0	0	0	0	0	0	0	0
YBR289W	0	0	0	0	0	0	0	0	0	0	0	0	0	0	0	1	0	0	1	0	4	3	19	1	163	32	1	108	6	33	35	7	23	4	6	4	0	0	0	0	0	0	0	0	0	0	0	0
YHR030C	0	0	0	0	0	0	0	0	0	0	0	0	0	0	0	0	0	0	0	0	0	0	0	0	24	4	3	19	4	9	8	1	2	0	1	1	0	0	0	0	0	0	0	0	0	0	0	0
YBL084C	0	0	0	0	0	0	0	0	0	0	0	0	0	0	0	0	0	0	0	0	0	0	3	0	21	0	0	0	0	2	8	0	0	0	0	4	0	0	0	0	0	0	0	0	0	0	0	0
YNL270C	0	0	0	0	0	0	0	0	0	0	0	0	0	0	0	0	0	0	1	0	0	1	2	1	52	9	2	31	1	49	25	2	31	1	0	10	2	0	3	0	0	0	0	0	0	0	0	0
YIL011W	0	0	0	0	0	0	0	0	0	0	0	0	0	0	0	0	0	0	0	0	0	0	3	0	5	0	0	0	0	2	0	0	2	0	0	0	0	0	0	0	0	0	0	0	0	0	0	0
YEL034W	0	0	0	0	0	0	2	2	1	1	0	4	1	5	1	18	7	3	17	14	71	127	911	62	3724	486	127	1311	207	1963	567	56	766	28	11	349	2	9	5	0	0	0	0	0	0	0	0	0
YHL001W	1	0	0	0	2	1	7	4	3	9	2	14	8	28	9	81	22	15	107	58	292	592	3531	389	23960	2272	522	13103	1199	13003	5996	676	5704	878	254	2717	48	85	319	0	0	0	0	0	0	0	0	0
YOR373W	0	0	0	0	0	0	0	0	0	0	0	0	0	0	0	0	0	0	0	0	0	0	0	0	3	0	1	0	0	0	1	0	0	1	0	0	0	0	0	0	0	0	0	0	0	0	0	0
YDR134C	0	0	0	0	0	0	0	0	0	0	0	0	0	0	0	0	0	0	0	0	0	0	0	0	3	1	0	3	0	1	2	0	0	0	0	0	0	0	0	0	0	0	0	0	0	0	0	0
YPR196W	0	0	0	0	0	0	0	0	0	0	0	0	0	0	0	0	0	0	0	0	0	0	0	0	3	1	1	5	0	1	1	0	2	0	1	3	0	0	1	0	0	0	0	0	0	0	0	0
YLR463C	0	0	0	0	0	0	0	0	0	0	0	0	0	0	0	0	0	0	0	0	0	0	0	0	1	1	0	0	0	0	0	1	0	0	0	0	0	0	0	0	0	0	0	0	0	0	0	0
YJL190C	0	0	0	1	0	0	1	0	0	1	0	3	0	0	1	2	7	1	20	7	8	33	82	41	700	210	18	1680	32	135	208	5	67	9	1	5	2	0	0	0	0	0	0	0	0	0	0	0
YNL058C	0	0	0	0	0	0	0	0	0	0	0	0	0	0	0	3	1	0	1	0	1	2	0	1	0	0	0	0	0	0	0	0	0	0	0	0	0	0	0	0	0	0	0	0	0	0	0	0
YLL025W	0	0	0	0	0	0	0	0	0	0	0	0	0	0	0	0	0	0	0	0	0	0	5	0	12	3	0	7	0	4	0	0	0	1	0	0	0	0	0	0	0	0	0	0	0	0	0	0
YAR075W	0	0	0	0	0	0	0	0	0	0	0	0	1	1	0	5	1	2	3	3	9	48	145	15	751	92	85	453	62	358	162	21	217	44	9	79	1	1	9	0	0	0	0	0	0	0	0	0
YPL026C	0	0	0	0	0	0	0	0	0	0	0	0	0	0	0	0	0	0	0	0	0	1	2	0	3	9	0	2	0	0	0	1	0	0	0	0	0	0	0	0	0	0	0	0	0	0	0	0
YBR118W	10	5	16	9	28	24	117	61	25	123	67	308	157	798	259	2406	638	293	2698	1536	9971	17358	107775	9882	795410	65843	16810	409445	33550	350304	178403	18344	165449	32961	7181	78819	1443	1574	9939	0	0	0	0	0	0	0	0	0
YKL201C	0	0	0	0	0	0	0	0	0	0	0	0	0	0	0	0	0	0	0	0	0	0	0	0	4	0	0	0	2	0	0	0	0	0	0	0	0	0	0	0	0	0	0	0	0	0	0	0
YPR132W	0	0	1	0	1	1	1	4	0	5	2	1	2	14	6	51	14	1	69	38	177	359	2364	251	13809	1762	271	8821	877	4409	3421	385	2983	756	108	1158	17	11	136	0	0	0	0	0	0	0	0	0
YHR211W	0	0	0	0	0	0	0	0	0	0	0	0	0	0	0	0	0	0	1	0	0	0	0	1	2	3	2	5	5	4	2	2	6	0	1	0	0	0	0	0	0	0	0	0	0	0	0	0
YML085C	0	0	0	0	0	0	0	0	0	0	0	0	0	0	0	1	0	0	2	1	1	1	7	1	53	4	0	15	1	1	3	0	1	2	0	0	0	0	0	0	0	0	0	0	0	0	0	0
YOL013W-A	1	0	0	0	0	0	0	0	0	0	1	0	2	1	3	4	126	7	81	98	25	79	81	1430	80	282	1268	153	3	1082	2	34	2689	24	5	192	5	6	12	0	0	0	0	0	0	0	0	0
YNL301C	2	0	0	0	1	2	3	2	1	4	3	15	9	27	10	78	19	10	134	74	374	571	4016	493	23375	3278	478	14917	956	12307	4402	549	7313	678	296	2177	34	44	187	0	0	0	0	0	0	0	0	0
YAR027W	0	0	0	0	0	0	0	0	0	0	0	0	0	0	0	0	0	0	0	0	0	1	1	0	15	3	1	25	9	9	6	7	7	0	3	5	0	1	0	0	0	0	0	0	0	0	0	0
YHR021C	0	0	0	0	0	0	0	0	0	0	0	0	0	0	0	0	0	0	0	0	0	0	0	0	1	0	0	1	1	0	0	0	0	0	0	0	0	0	0	0	0	0	0	0	0	0	0	0
YMR034C	0	0	0	0	0	0	0	0	0	0	0	0	0	0	0	0	0	0	0	0	0	0	0	0	0	0	0	0	0	0	1	0	0	0	0	0	0	0	0	0	0	0	0	0	0	0	0	0
YJL034W	0	0	0	0	0	1	1	0	0	1	0	3	0	6	1	6	3	0	12	0	0	5	1	0	1	0	0	0	1	2	0	1	1	0	0	0	0	0	0	0	0	0	0	0	0	0	0	0
YNR073C	0	0	0	0	0	0	0	0	0	0	0	0	0	0	0	0	0	0	0	0	0	0	1	0	28	1	0	17	2	16	8	0	7	0	0	0	0	0	2	0	0	0	0	0	0	0	0	0
YML024W	1	1	0	0	0	1	5	0	1	4	1	5	2	24	7	43	24	4	75	42	191	345	1886	170	13004	1172	279	6643	555	5437	2460	280	2784	472	126	934	25	11	104	0	0	0	0	0	0	0	0	0
YGR034W	0	0	0	0	1	0	2	2	1	3	2	4	2	5	2	22	7	5	34	16	85	157	897	87	5926	727	131	3663	307	2019	1284	191	1226	408	97	476	8	28	25	0	0	0	0	0	0	0	0	0
YLR177W	0	0	0	0	0	0	0	0	0	0	0	0	0	0	0	0	0	0	0	0	0	0	2	0	1	2	0	8	2	0	4	2	0	0	0	1	0	0	0	0	0	0	0	0	0	0	0	0
YDR542W	0	0	0	0	0	0	0	0	0	0	0	0	0	0	0	0	0	0	0	0	0	1	0	0	11	2	1	14	0	3	2	0	1	0	0	0	0	0	0	0	0	0	0	0	0	0	0	0
YPL004C	0	0	0	0	0	0	0	0	0	0	0	0	0	0	0	0	0	0	1	0	0	0	0	0	0	0	0	0	0	0	0	0	0	0	0	0	0	0	0	0	0	0	0	0	0	0	0	0
YAL021C	0	0	0	0	0	0	0	0	0	0	0	0	0	0	0	1	0	0	0	1	1	1	2	0	47	3	1	13	0	5	0	0	0	0	0	0	0	0	0	0	0	0	0	0	0	0	0	0
YGL259W	0	0	0	0	0	0	0	0	0	0	0	0	0	0	0	0	0	0	0	0	0	1	1	0	4	1	1	2	0	2	0	0	1	0	0	0	0	0	0	0	0	0	0	0	0	0	0	0
YOR054C	0	0	0	0	0	0	0	0	0	0	0	0	0	0	0	1	2	0	2	0	0	0	3	0	13	1	1	8	0	0	21	0	1	0	0	0	0	0	0	0	0	0	0	0	0	0	0	0
YNL033W	0	0	0	0	0	0	0	0	0	0	0	0	0	0	0	0	0	0	1	1	0	0	1	0	21	5	1	22	3	11	13	0	8	0	1	1	0	0	0	0	0	0	0	0	0	0	0	0
YBR112C	0	0	0	0	0	0	0	0	0	0	0	0	0	0	0	0	9	0	15	0	13	15	29	1	383	83	7	244	13	90	71	26	25	0	1	9	8	0	10	0	0	0	0	0	0	0	0	0
YML075C	0	0	0	0	0	0	0	0	0	0	0	0	0	0	0	0	0	0	0	0	0	0	0	0	1	0	0	0	0	0	0	0	0	0	0	0	0	0	0	0	0	0	0	0	0	0	0	0
YOR182C	1	0	0	0	3	0	3	1	1	1	2	4	6	13	1	38	6	4	31	29	113	256	1321	131	10620	891	164	5381	406	2745	2563	234	1723	244	191	748	26	14	51	0	0	0	0	0	0	0	0	0
YGR159C	0	0	0	0	0	0	0	0	0	0	0	0	0	0	0	0	0	0	0	0	0	1	0	0	0	0	0	0	0	0	0	0	0	0	0	0	0	0	0	0	0	0	0	0	0	0	0	0
YCL065W	0	0	0	0	0	0	0	0	0	0	0	0	0	0	0	0	0	0	0	0	0	0	0	0	6	3	1	1	0	4	3	1	3	0	0	2	0	2	0	0	0	0	0	0	0	0	0	0
YOR153W	0	0	0	0	0	0	0	0	0	0	0	0	0	0	0	0	1	0	0	0	0	0	0	0	1	0	0	0	0	0	0	0	0	0	0	0	0	0	0	0	0	0	0	0	0	0	0	0
YER011W	0	0	0	0	0	0	0	0	0	0	0	0	0	0	0	0	0	0	0	0	0	0	37	5	298	29	6	126	22	217	28	4	113	23	0	35	0	0	14	0	0	0	0	0	0	0	0	0
YCR037C	0	0	0	0	0	0	0	0	0	0	0	0	0	0	0	0	0	0	0	0	0	0	0	0	1	0	0	0	0	0	0	0	0	0	0	0	0	0	0	0	0	0	0	0	0	0	0	0
YOR009W	0	0	0	0	0	0	0	0	0	0	0	0	0	0	0	0	0	0	0	0	0	0	14	0	48	0	0	22	3	34	19	0	16	7	3	6	0	0	0	0	0	0	0	0	0	0	0	0
YGR233C	0	0	0	0	0	0	0	0	0	0	0	0	0	0	0	0	0	0	0	0	0	0	1	0	9	0	0	0	0	0	0	0	0	0	0	0	0	0	0	0	0	0	0	0	0	0	0	0
YPR022C	0	0	0	0	0	0	0	0	0	0	0	0	0	0	0	2	0	0	0	0	0	7	6	0	102	0	1	8	0	5	2	0	1	1	0	2	0	0	0	0	0	0	0	0	0	0	0	0
YLR110C	0	0	0	0	0	0	0	0	0	0	0	0	0	0	0	0	0	0	0	0	0	0	0	0	3	1	0	3	0	1	2	0	0	0	0	0	0	0	0	0	0	0	0	0	0	0	0	0
YDL188C	0	0	0	0	0	0	1	0	0	0	0	1	0	2	1	0	2	0	4	1	12	18	79	12	547	61	10	374	19	190	129	12	131	26	10	59	1	5	7	0	0	0	0	0	0	0	0	0
YPL143W	1	0	0	0	0	0	0	0	0	1	1	2	1	2	0	5	2	1	3	4	21	37	337	19	1932	208	6	780	10	303	61	4	94	9	0	6	1	1	1	0	0	0	0	0	0	0	0	0
YDL134C	0	0	0	0	0	0	1	0	0	0	0	1	0	2	1	0	2	0	4	1	12	18	79	12	547	61	10	374	19	190	129	12	131	26	10	59	1	5	7	0	0	0	0	0	0	0	0	0
YBR218C	0	0	0	0	0	0	0	0	0	0	0	1	0	2	2	3	1	0	6	3	21	34	260	23	1740	211	32	1102	78	746	419	55	373	86	20	202	7	2	25	0	0	0	0	0	0	0	0	0
YMR321C	0	0	0	0	0	0	0	0	0	0	0	1	0	0	0	1	1	1	4	4	11	28	106	17	703	79	23	432	35	370	170	19	170	33	10	60	0	0	11	0	0	0	0	0	0	0	0	0
YHR143W	0	0	0	0	0	0	0	0	0	0	0	0	0	0	0	0	0	0	0	0	0	0	0	0	0	1	0	0	0	0	0	0	0	0	0	0	0	0	0	0	0	0	0	0	0	0	0	0
YBL003C	0	0	0	0	3	0	0	0	0	1	2	4	1	4	3	12	2	3	17	7	36	65	474	37	3521	259	66	1567	129	926	605	101	316	119	43	145	4	10	27	0	0	0	0	0	0	0	0	0
YDR224C	0	0	0	0	1	0	0	0	0	1	0	0	0	0	0	0	2	0	1	0	3	5	54	6	309	63	3	298	6	45	39	8	57	3	6	10	0	0	0	0	0	0	0	0	0	0	0	0
YJR045C	0	0	0	0	0	0	1	0	0	0	0	0	0	1	0	0	2	0	2	6	5	50	55	9	4	47	9	1	22	2	0	0	0	0	0	0	0	0	0	0	0	0	0	0	0	0	0	0
YKL054C	0	0	0	0	0	0	0	0	0	0	0	0	0	0	0	1	0	0	0	0	9	9	37	16	441	98	16	386	25	244	158	55	222	17	48	81	0	12	9	0	0	0	0	0	0	0	0	0
YAL062W	0	0	0	0	0	0	0	0	0	0	0	0	0	1	0	0	1	0	1	0	3	0	6	0	85	7	1	39	0	38	5	2	16	2	3	0	0	0	1	0	0	0	0	0	0	0	0	0
YLR390W-A	0	0	0	0	0	0	0	0	0	0	0	0	0	0	2	2	2	0	0	2	2	8	42	8	408	54	4	202	10	200	102	4	132	6	6	30	0	0	0	0	0	0	0	0	0	0	0	0
YMR008C	0	0	0	0	0	0	0	0	0	0	0	0	0	0	0	0	1	0	0	0	0	1	4	1	16	3	0	7	1	6	4	1	3	0	0	1	0	0	0	0	0	0	0	0	0	0	0	0
YJL136C	1	0	0	0	0	0	0	0	0	2	0	1	1	4	3	5	4	2	20	4	32	42	311	55	1929	343	35	1956	46	800	299	50	995	137	21	140	15	0	10	0	0	0	0	0	0	0	0	0
YMR194W	0	0	1	0	1	0	0	0	0	3	2	4	2	9	3	20	12	7	55	18	82	140	680	177	6626	1504	239	8581	1082	5560	5273	206	2804	229	88	1931	24	8	107	0	0	0	0	0	0	0	0	0
YDL133C-A	0	1	0	2	2	1	13	6	2	9	1	19	7	36	24	139	48	21	253	116	677	764	5693	565	32350	3132	816	14726	1318	18445	5809	746	11855	882	346	2995	49	70	236	0	0	0	0	0	0	0	0	0
YOL086C	2	1	2	0	1	0	6	5	2	30	2	23	10	78	24	191	70	20	342	143	758	1519	7486	854	54960	5995	1138	35547	2572	22677	14384	1028	12759	3167	283	5417	166	78	466	0	0	0	0	0	0	0	0	0
YDR080W	0	0	0	0	0	0	0	0	0	0	0	0	0	0	0	0	0	0	0	0	0	0	3	0	15	0	0	2	0	2	0	0	0	0	0	0	0	0	0	0	0	0	0	0	0	0	0	0
YER117W	0	0	1	0	0	1	5	1	1	9	3	6	4	32	11	64	15	9	73	54	280	458	3029	284	19695	1931	452	10649	805	9198	4124	407	5358	661	167	1847	17	25	89	0	0	0	0	0	0	0	0	0
YBR191W-A	0	0	0	0	0	0	0	0	0	0	0	0	0	0	0	0	0	0	0	0	0	0	0	0	0	1	0	0	0	0	0	0	0	0	0	0	0	0	0	0	0	0	0	0	0	0	0	0
YPR185W	0	0	0	0	0	0	0	0	0	0	0	0	0	0	0	0	0	0	0	0	0	1	0	0	9	2	0	8	0	0	0	0	0	0	0	0	0	0	0	0	0	0	0	0	0	0	0	0
YPL273W	0	0	0	0	0	0	0	0	0	0	0	1	0	0	0	1	1	1	4	4	11	28	106	17	703	79	23	432	35	370	170	19	170	33	10	60	0	0	11	0	0	0	0	0	0	0	0	0
YBR048W	2	0	0	1	0	0	2	0	2	5	1	7	0	13	8	33	14	5	65	31	162	349	1942	239	15569	1801	347	11578	583	5139	3536	334	3776	439	161	1144	50	33	144	0	0	0	0	0	0	0	0	0
YKL028W	0	0	0	0	0	0	0	0	0	0	0	0	0	0	0	1	0	0	0	0	0	0	4	0	37	1	1	8	1	9	0	0	3	1	0	0	0	0	0	0	0	0	0	0	0	0	0	0
YNL162W	1	1	0	0	0	1	4	3	1	4	3	10	6	37	7	60	25	15	130	80	346	760	3477	436	25430	2763	679	14962	1362	10060	6479	588	7267	936	312	2932	41	96	261	0	0	0	0	0	0	0	0	0
YLR406C	0	0	0	0	0	0	0	0	0	2	0	0	1	1	0	4	0	0	5	1	0	3	31	5	339	38	0	82	0	2	3	1	0	1	0	0	0	0	0	0	0	0	0	0	0	0	0	0
YCL068C	0	0	0	0	0	0	0	0	0	0	0	0	0	0	0	0	1	0	0	0	0	0	8	1	53	6	4	43	4	18	7	1	11	2	0	2	0	0	0	0	0	0	0	0	0	0	0	0
YAR070C	0	0	0	0	0	0	0	0	0	0	0	0	0	0	0	0	0	0	0	0	0	0	0	0	0	0	1	0	1	1	0	1	0	0	0	0	0	0	0	0	0	0	0	0	0	0	0	0
YNL030W	0	0	2	0	2	0	2	3	0	4	1	7	7	13	6	50	15	6	66	26	204	337	2268	220	12602	1420	252	8004	485	4413	2432	246	2631	436	104	716	22	21	108	0	0	0	0	0	0	0	0	0
YKL180W	0	0	0	0	0	0	2	1	0	1	0	3	0	1	2	20	9	6	33	29	93	192	975	94	6505	630	166	3340	236	2600	1493	110	838	131	31	363	7	13	18	0	0	0	0	0	0	0	0	0
YGR122C-A	0	0	0	0	0	0	0	0	0	0	0	0	0	0	0	0	0	0	0	0	0	0	0	0	1	10	0	5	9	1	4	1	1	0	0	1	0	0	0	0	0	0	0	0	0	0	0	0
YKR040C	0	0	0	0	0	0	0	0	0	0	0	0	0	0	0	0	0	0	0	0	0	0	0	0	0	0	0	0	0	1	0	0	0	0	0	0	0	0	0	0	0	0	0	0	0	0	0	0
YHL046C	0	0	0	0	0	0	0	0	0	0	0	0	0	0	0	0	0	0	0	0	0	1	0	0	10	2	1	9	0	1	2	0	1	0	0	0	0	0	0	0	0	0	0	0	0	0	0	0
YKL139W	0	0	0	0	0	0	0	0	0	0	0	0	0	0	0	0	0	0	0	0	0	0	1	0	4	0	0	1	0	2	0	0	0	0	1	0	0	0	0	0	0	0	0	0	0	0	0	0
YOL138C	0	0	0	0	0	0	0	0	0	0	0	0	0	0	0	3	0	0	0	0	2	0	6	0	46	1	1	9	2	9	5	0	5	2	0	1	0	0	1	0	0	0	0	0	0	0	0	0
YHR047C	0	0	0	0	0	0	0	0	0	0	0	0	0	0	0	0	0	0	0	0	0	0	0	0	0	1	0	0	0	0	0	0	0	0	0	0	0	0	0	0	0	0	0	0	0	0	0	0
YIR041W	0	0	0	0	0	0	0	0	0	0	0	0	0	0	0	0	0	0	0	0	0	0	1	0	2	1	0	2	0	0	2	0	0	0	0	0	0	0	0	0	0	0	0	0	0	0	0	0
YDL083C	0	0	0	0	3	0	3	0	0	4	1	7	0	6	5	17	7	3	16	20	53	90	549	63	3535	522	94	2066	173	1973	564	150	1388	255	47	335	10	7	103	0	0	0	0	0	0	0	0	0
YLL039C	0	0	0	0	0	0	0	0	0	2	0	4	2	2	4	12	3	6	24	4	39	105	389	65	3827	267	103	1943	197	1530	997	75	763	198	32	411	7	7	68	0	0	0	0	0	0	0	0	0
YJR094W-A	0	0	0	0	0	0	1	0	0	0	0	0	1	0	0	5	3	0	9	3	17	33	146	21	1294	181	78	857	163	2117	484	48	693	56	9	458	5	8	77	0	0	0	0	0	0	0	0	0
YEL030W	0	0	0	0	0	0	0	0	0	0	0	0	0	1	0	0	0	0	0	0	0	0	0	0	1	0	0	1	0	0	0	0	0	0	0	0	0	0	0	0	0	0	0	0	0	0	0	0
YNL027W	0	0	0	0	0	0	0	0	0	0	0	0	0	0	0	1	0	0	0	0	1	6	6	1	90	0	0	7	0	10	2	0	3	1	0	0	0	0	0	0	0	0	0	0	0	0	0	0
YDL140C	0	0	0	0	0	0	0	0	0	0	0	0	0	0	0	0	0	0	0	0	0	0	0	0	22	8	0	8	0	0	0	0	0	0	0	0	0	0	0	0	0	0	0	0	0	0	0	0
YHR215W	1	0	1	0	0	0	2	1	3	1	1	8	2	13	6	41	10	2	38	27	163	355	1925	197	15572	1544	345	8703	682	6821	3239	386	3974	581	167	1495	36	19	190	0	0	0	0	0	0	0	0	0
YLL045C	0	0	1	0	0	0	1	4	2	4	4	11	1	27	11	50	19	7	51	40	188	388	2215	249	18262	1707	405	10055	671	8162	3570	490	4294	685	182	1474	29	54	137	0	0	0	0	0	0	0	0	0
YCR024C-A	0	0	0	0	0	1	0	0	0	1	2	2	2	1	5	12	9	1	37	11	41	99	473	237	2880	1861	175	4942	369	1342	749	192	1467	149	97	266	36	13	56	0	0	0	0	0	0	0	0	0
YNL327W	0	0	0	0	0	0	0	0	0	0	0	0	0	2	0	6	0	0	2	0	12	18	108	8	692	86	18	450	30	342	156	16	254	38	4	126	6	2	16	0	0	0	0	0	0	0	0	0
YDL131W	0	1	0	0	0	1	0	0	0	1	0	4	0	3	2	13	6	2	23	9	53	117	503	65	4268	411	89	2453	166	1859	991	97	1141	184	41	389	13	5	71	0	0	0	0	0	0	0	0	0
YFR040W	0	0	0	0	0	0	0	0	0	0	0	0	0	1	0	0	0	0	0	0	0	0	0	0	0	0	0	0	0	0	0	0	0	0	0	0	0	0	0	0	0	0	0	0	0	0	0	0
YML124C	0	0	0	0	0	0	0	0	0	0	0	0	0	0	0	1	0	0	2	1	1	1	7	1	53	4	0	15	1	1	3	0	0	2	0	0	0	0	0	0	0	0	0	0	0	0	0	0
YFL061W	0	0	0	0	0	0	0	0	0	0	0	0	0	0	0	0	0	0	0	0	0	0	0	0	10	1	0	3	0	0	3	0	1	0	0	1	0	0	0	0	0	0	0	0	0	0	0	0
YLR081W	0	0	0	0	0	0	0	0	0	0	0	0	0	0	0	0	0	0	0	0	0	0	1	0	30	5	0	17	1	9	1	0	4	1	0	1	0	0	0	0	0	0	0	0	0	0	0	0
YGR087C	0	0	0	1	0	0	0	0	0	4	0	2	0	1	1	4	3	0	7	3	7	13	52	9	474	88	0	936	0	3	1	0	1	1	0	1	0	0	0	0	0	0	0	0	0	0	0	0
YGL008C	0	1	0	1	2	2	4	3	0	6	2	7	0	14	1	41	7	5	46	27	156	307	1593	182	10396	1013	218	5967	432	5107	2210	236	2373	504	140	1102	15	16	97	0	0	0	0	0	0	0	0	0
YDR170C	0	0	0	0	0	0	0	0	0	0	0	0	0	1	0	10	4	0	5	0	6	18	51	8	338	4	0	45	6	35	23	9	7	6	0	3	0	0	0	0	0	0	0	0	0	0	0	0
YCL025C	0	0	0	0	0	0	0	0	0	0	0	0	0	0	0	0	0	0	0	0	0	4	9	5	86	12	4	37	7	65	42	0	29	7	1	18	0	0	1	0	0	0	0	0	0	0	0	0
YBL075C	0	0	0	0	1	0	0	0	0	0	0	0	0	0	0	0	0	0	0	0	0	0	0	0	1	0	0	0	0	0	0	0	0	0	0	1	0	0	0	0	0	0	0	0	0	0	0	0
YCR091W	0	0	0	0	0	0	0	0	0	0	0	0	0	0	0	0	0	0	0	0	0	0	0	0	0	1	0	0	0	0	0	0	0	0	0	0	0	0	0	0	0	0	0	0	0	0	0	0
YER109C	0	0	0	0	0	0	0	0	0	0	0	0	0	0	0	0	0	0	0	0	0	0	3	1	5	2	1	9	0	1	2	0	0	0	0	1	0	0	0	0	0	0	0	0	0	0	0	0
YOR072W-B	1	0	0	0	0	0	0	0	0	0	1	0	2	1	3	4	126	7	81	98	25	79	81	1430	80	283	1268	153	3	1082	2	34	2688	24	5	192	5	4	9	0	0	0	0	0	0	0	0	0
YMR083W	0	0	0	0	0	0	0	0	0	0	0	0	0	0	0	0	0	0	0	0	0	0	2	0	6	0	0	2	0	1	0	1	2	1	0	1	0	0	0	0	0	0	0	0	0	0	0	0
YLR340W	0	0	0	0	0	0	0	1	0	2	0	1	1	3	1	8	5	0	11	0	0	1	1	0	6	1	0	7	0	1	3	0	0	1	0	0	0	0	0	0	0	0	0	0	0	0	0	0
YDL137W	0	0	0	0	0	0	0	0	0	0	0	0	0	1	0	3	0	0	2	0	7	7	73	7	526	35	8	159	13	108	54	6	58	10	6	24	0	4	1	0	0	0	0	0	0	0	0	0
YNL302C	10	0	1	0	1	0	3	1	0	5	1	5	0	8	7	37	6	6	48	11	95	246	1250	121	9010	775	181	4362	246	2543	1226	114	1551	230	47	589	14	7	103	0	0	0	0	0	0	0	0	0
YPR163C	0	2	0	0	0	0	0	0	0	0	0	2	0	2	0	12	0	0	14	8	24	48	382	36	2194	206	26	1296	60	732	282	62	638	70	34	144	8	6	26	0	0	0	0	0	0	0	0	0
YNL096C	0	1	1	0	0	0	2	1	0	2	1	3	2	10	1	21	6	0	19	12	53	194	774	86	6688	763	172	3164	382	2107	1523	109	1386	131	33	555	10	13	37	0	0	0	0	0	0	0	0	0
YOR394W	0	0	0	0	0	0	0	0	0	0	0	0	0	0	0	0	0	0	0	0	0	0	2	0	3	1	0	5	0	3	2	0	0	0	0	2	0	0	0	0	0	0	0	0	0	0	0	0
YGR287C	0	0	0	0	0	0	0	0	0	0	0	0	0	0	0	0	0	0	0	0	0	0	3	0	20	3	0	14	1	13	11	0	1	1	0	4	0	0	1	0	0	0	0	0	0	0	0	0
YDL184C	0	1	0	2	2	1	13	6	2	9	1	19	7	36	24	139	48	21	253	116	677	764	5693	565	32350	3132	816	14726	1318	18445	5809	746	11855	882	346	2995	49	70	236	0	0	0	0	0	0	0	0	0
YGR130C	0	0	0	0	0	0	0	0	0	0	0	0	0	0	0	0	0	0	0	0	0	0	3	2	22	6	0	14	0	21	2	0	11	0	0	0	0	0	0	0	0	0	0	0	0	0	0	0
YDL192W	0	0	0	0	0	0	0	0	0	0	0	0	0	1	0	3	0	0	2	0	7	7	73	7	526	35	8	159	13	108	54	6	58	10	6	24	0	4	1	0	0	0	0	0	0	0	0	0
YMR170C	0	1	0	0	0	0	0	0	0	0	0	0	1	0	0	2	0	0	0	0	4	12	50	3	326	44	5	169	13	161	79	7	88	16	4	49	0	1	4	0	0	0	0	0	0	0	0	0
YCR106W	0	0	0	0	0	0	0	0	0	0	0	0	0	0	1	0	0	0	0	0	0	1	0	1	30	4	0	15	3	10	8	0	3	0	0	4	0	0	0	0	0	0	0	0	0	0	0	0
YLR029C	0	0	0	0	2	1	2	2	1	2	1	12	2	19	6	74	12	5	66	40	236	419	3042	266	19995	1900	393	9929	808	8160	3465	464	4398	704	212	1280	33	31	259	0	0	0	0	0	0	0	0	0
YGL066W	0	0	0	0	0	0	0	0	0	0	0	0	0	0	0	1	0	0	0	0	2	2	11	1	95	12	0	42	0	0	0	0	0	0	0	0	0	0	0	0	0	0	0	0	0	0	0	0
YDR502C	0	0	0	0	0	0	0	0	0	0	0	3	1	0	0	0	0	1	5	4	16	20	206	18	1438	141	18	801	57	140	316	12	139	40	2	33	1	0	3	0	0	0	0	0	0	0	0	0
YER062C	0	0	0	0	0	0	0	0	0	0	0	0	0	0	0	0	0	0	0	0	0	0	0	0	1	0	0	0	0	0	0	1	0	0	0	0	0	0	0	0	0	0	0	0	0	0	0	0
YGL261C	0	0	0	0	0	0	0	0	0	0	0	0	0	0	0	0	0	0	0	0	0	0	0	0	12	2	1	11	0	3	2	0	1	1	0	0	0	0	0	0	0	0	0	0	0	0	0	0
YPL282C	0	0	0	0	0	0	0	0	0	0	0	0	0	0	0	0	0	0	0	0	0	0	2	0	3	1	0	5	0	3	2	0	0	0	0	2	0	0	0	0	0	0	0	0	0	0	0	0
YMR158C-A	0	0	0	0	0	0	0	0	0	0	0	0	0	0	0	0	0	0	0	0	0	0	0	1	3	0	0	2	0	0	0	0	0	0	1	0	0	0	0	0	0	0	0	0	0	0	0	0
YIL148W	0	0	0	1	0	0	2	1	1	6	2	10	1	20	11	47	20	8	93	20	226	344	2329	337	23389	2505	536	21052	1492	11290	7940	822	7129	947	467	2548	49	207	367	0	0	0	0	0	0	0	0	0
YDL130W	0	0	0	0	0	0	2	1	0	2	1	4	1	9	4	16	8	0	36	10	47	140	434	94	3927	699	62	4628	139	1132	952	82	1053	337	42	258	11	3	0	0	0	0	0	0	0	0	0	0
YFR036W	0	0	0	0	0	0	0	0	0	0	0	0	0	0	0	0	0	0	0	1	0	0	0	0	0	0	0	0	0	0	0	0	0	0	0	0	0	0	0	0	0	0	0	0	0	0	0	0
YNL014W	0	0	0	0	0	0	0	0	0	0	0	0	0	1	1	3	2	1	3	1	8	23	101	13	757	57	31	399	49	467	268	31	336	9	5	133	0	2	1	0	0	0	0	0	0	0	0	0
YFR008W	0	0	0	0	0	0	0	0	0	0	0	0	0	0	0	0	0	0	0	0	0	1	6	0	64	8	0	40	3	10	15	1	12	0	1	4	0	0	0	0	0	0	0	0	0	0	0	0
YEL069C	0	0	0	0	0	0	0	0	0	0	0	0	0	0	0	0	0	0	0	0	0	0	0	0	0	0	0	1	0	3	0	0	0	0	0	1	0	0	0	0	0	0	0	0	0	0	0	0
YBL087C	0	0	1	0	0	1	5	1	1	9	3	6	3	33	11	64	15	9	71	53	283	451	3035	285	19692	1937	449	10651	806	9195	4124	408	5357	661	166	1848	17	25	89	0	0	0	0	0	0	0	0	0
YPL187W	0	0	0	0	0	0	0	0	0	0	0	0	0	0	0	0	0	0	0	0	0	0	0	0	2	2	0	2	0	2	6	0	2	6	2	8	0	0	4	0	0	0	0	0	0	0	0	0
YDL075W	0	0	0	0	0	0	0	0	0	2	0	0	1	1	0	4	0	0	5	1	0	4	31	4	340	37	0	82	0	2	3	0	1	1	0	0	0	0	0	0	0	0	0	0	0	0	0	0
YGL058W	0	0	0	0	0	0	0	0	0	0	0	0	0	0	0	0	1	0	1	0	0	0	0	0	28	1	0	2	0	0	0	0	0	0	0	1	0	0	0	0	0	0	0	0	0	0	0	0
YDL061C	0	0	0	0	0	0	0	0	0	1	0	1	0	4	0	4	3	0	4	2	25	47	192	42	1315	105	18	503	51	470	72	8	151	6	2	24	1	1	4	0	0	0	0	0	0	0	0	0
YLR441C	0	0	0	0	0	0	3	0	1	4	0	5	4	7	2	28	14	8	45	27	127	268	1624	192	12689	1468	219	8156	633	4247	3077	292	2741	392	118	1649	23	25	123	0	0	0	0	0	0	0	0	0
YEL054C	0	0	3	0	3	0	0	1	1	2	1	6	1	14	5	32	9	9	40	41	164	356	1570	151	11694	847	390	4983	394	7192	2060	195	3336	316	50	1642	20	22	200	0	0	0	0	0	0	0	0	0
YDL248W	0	0	0	0	0	0	0	0	0	1	0	0	0	3	2	1	4	1	3	1	14	30	131	35	1027	198	36	900	94	452	339	47	444	53	25	216	3	5	60	0	0	0	0	0	0	0	0	0
YLR156C-A	0	0	0	0	0	0	0	0	0	0	0	0	0	0	0	0	0	0	0	0	0	0	0	0	0	0	0	0	0	0	0	0	0	0	1	0	0	0	0	0	0	0	0	0	0	0	0	0
YKR092C	0	0	0	0	0	0	0	0	0	0	0	0	0	0	0	0	0	0	0	0	0	3	0	0	0	0	0	6	0	4	4	0	2	0	0	0	2	0	0	0	0	0	0	0	0	0	0	0
YNL034W	0	0	0	0	0	0	0	0	0	0	0	0	0	0	0	0	0	0	0	0	0	1	0	0	2	1	0	2	1	0	2	1	2	0	0	0	0	0	0	0	0	0	0	0	0	0	0	0
YMR011W	0	0	0	0	0	0	0	0	0	0	0	0	0	0	0	0	0	0	0	0	1	0	6	1	41	9	0	52	0	2	9	0	5	0	1	2	0	0	0	0	0	0	0	0	0	0	0	0
YDR447C	1	1	0	0	0	1	5	0	1	4	1	5	2	24	7	43	24	4	75	41	192	338	1892	171	13001	1178	276	6642	555	5438	2461	280	2783	473	126	933	25	11	104	0	0	0	0	0	0	0	0	0
YJR009C	9	0	9	10	20	18	48	22	13	79	27	132	49	355	142	877	284	122	1179	602	3462	6923	38985	4606	328382	34544	5912	235823	14378	126971	86428	6957	80373	19560	2703	33001	1244	614	3846	0	0	0	0	0	0	0	0	0
YLL024C	2	2	7	8	10	3	24	10	4	32	18	46	31	155	62	484	129	64	580	321	1955	3775	21447	2127	167219	13472	3387	82908	6687	68538	35518	3556	34670	7162	1333	15720	322	295	2013	0	0	0	0	0	0	0	0	0
YJL159W	1	0	0	2	0	0	10	2	0	3	1	8	5	29	0	126	24	7	113	57	282	566	4355	299	30712	2207	325	12010	803	10332	4092	464	4795	619	264	1686	35	8	135	0	0	0	0	0	0	0	0	0
YDL243C	0	0	0	0	0	0	0	0	0	0	0	0	0	0	0	0	0	0	0	0	0	0	0	2	5	0	0	3	0	2	1	1	2	0	0	1	0	0	0	0	0	0	0	0	0	0	0	0
YOR375C	0	0	0	0	0	0	0	0	0	0	0	0	0	1	0	0	1	0	1	0	3	0	6	0	85	7	1	39	0	38	5	2	16	2	3	0	0	0	1	0	0	0	0	0	0	0	0	0
YHL048W	0	0	0	1	0	0	0	0	0	0	0	0	0	0	0	0	3	0	1	0	6	7	49	5	254	29	12	147	20	123	62	27	65	17	6	43	1	2	2	0	0	0	0	0	0	0	0	0
YIR010W	0	0	0	0	0	0	0	0	0	0	0	0	0	0	0	2	0	0	0	0	0	0	2	0	0	0	0	0	0	2	2	0	2	0	0	2	0	0	0	0	0	0	0	0	0	0	0	0
YNL209W	1	0	3	3	8	5	24	11	4	25	10	44	21	136	42	366	105	29	413	226	1364	2539	14844	1538	111778	9903	2277	58855	4510	45517	24925	2295	25078	4725	911	10774	158	163	1502	0	0	0	0	0	0	0	0	0
YOR293W	1	0	0	0	1	0	0	1	0	5	0	1	1	4	0	11	5	0	15	7	42	85	665	57	4357	395	44	2392	79	712	319	52	289	58	26	53	1	3	1	0	0	0	0	0	0	0	0	0
YML056C	0	0	0	0	0	0	0	0	0	0	0	0	1	3	1	17	0	3	9	4	38	50	269	35	2558	196	48	1304	86	775	489	73	415	130	23	197	2	2	26	0	0	0	0	0	0	0	0	0
YLR367W	0	0	0	1	0	0	1	0	0	1	0	3	0	0	1	2	7	1	20	7	8	34	82	40	701	209	18	1680	32	135	208	5	67	9	1	5	2	0	0	0	0	0	0	0	0	0	0	0
YAR020C	0	0	0	0	0	0	0	0	0	0	0	0	0	0	0	0	0	0	0	0	0	0	0	0	4	2	1	6	0	2	1	0	1	1	0	0	0	0	0	0	0	0	0	0	0	0	0	0
YKL105C	0	0	0	0	0	0	0	0	0	0	0	0	0	0	0	0	0	0	0	0	0	0	0	0	1	0	0	0	0	0	0	0	0	0	0	0	0	0	0	0	0	0	0	0	0	0	0	0
YLR157C-C	0	0	0	0	0	0	0	0	0	0	0	0	0	0	0	0	0	0	0	0	0	0	0	0	0	0	0	0	0	0	0	0	0	0	1	0	0	0	0	0	0	0	0	0	0	0	0	0
YOR096W	0	1	1	0	0	0	2	1	0	2	1	3	2	10	1	21	6	0	20	12	52	194	771	89	6692	759	172	3163	382	2108	1523	109	1386	131	33	555	11	13	36	0	0	0	0	0	0	0	0	0
YJL041W	0	0	0	0	0	0	0	0	0	0	0	0	0	0	0	6	2	0	0	4	8	30	98	16	806	82	30	492	30	476	224	28	276	50	4	124	2	0	30	0	0	0	0	0	0	0	0	0
YOL045W	0	0	0	0	0	0	0	0	0	0	0	0	0	0	0	0	0	0	0	0	0	0	0	0	1	0	0	0	0	0	0	0	0	0	0	0	0	0	0	0	0	0	0	0	0	0	0	0
YHR131C	0	0	0	0	0	0	0	0	0	0	0	0	0	0	0	0	0	0	0	0	0	0	0	0	28	1	0	2	0	0	0	0	0	0	0	1	0	0	0	0	0	0	0	0	0	0	0	0
YKL129C	0	0	0	0	0	0	0	0	0	0	0	0	0	0	0	0	0	0	0	0	0	0	1	0	2	1	0	2	0	2	0	1	0	1	0	0	0	0	0	0	0	0	0	0	0	0	0	0
YHR043C	0	0	0	0	0	0	0	0	0	0	0	0	0	0	0	0	1	0	0	0	4	4	39	6	199	21	11	115	14	108	46	5	51	10	2	29	1	1	2	0	0	0	0	0	0	0	0	0
YLR437C	0	0	0	0	0	0	0	0	0	0	0	1	0	0	0	0	0	0	0	0	0	0	0	0	0	0	0	0	0	0	0	0	0	0	0	0	0	0	0	0	0	0	0	0	0	0	0	0
YFR031C-A	4	0	0	0	2	3	7	4	2	7	4	16	4	40	18	123	41	6	162	86	473	917	5893	558	40723	4173	867	25007	1935	16265	9292	1137	8458	1854	472	3390	103	92	463	0	0	0	0	0	0	0	0	0
YJL052W	7	0	4	6	8	11	23	18	6	41	13	58	34	181	72	462	166	56	678	314	1735	3503	20689	2493	145799	19329	2993	114222	7456	62192	40691	3386	45890	8296	1478	17950	801	327	1138	0	0	0	0	0	0	0	0	0
YJL198W	0	0	0	0	0	0	0	0	0	0	0	0	0	0	0	0	0	0	0	0	0	0	0	0	1	0	0	0	0	0	0	0	0	0	0	0	0	0	0	0	0	0	0	0	0	0	0	0
YOL121C	10	0	1	0	1	0	3	1	0	5	1	5	0	8	7	37	6	6	48	11	95	246	1250	121	9010	775	181	4362	246	2543	1226	114	1551	230	47	589	14	7	103	0	0	0	0	0	0	0	0	0
YGL076C	0	0	4	1	3	2	10	3	2	12	5	24	16	77	17	194	51	27	166	124	664	1575	7357	876	59149	6208	1385	35100	2821	22781	13767	1402	14497	2225	474	5715	115	124	556	0	0	0	0	0	0	0	0	0
YNL333W	0	0	0	0	0	0	0	0	0	0	0	0	0	0	0	0	1	0	0	0	5	5	11	3	184	24	9	98	20	80	55	5	54	3	2	20	1	0	3	0	0	0	0	0	0	0	0	0
YMR304C-A	0	0	0	0	0	0	0	0	0	0	1	0	0	0	0	0	0	0	1	2	2	26	5	3	44	2	278	2	38	310	0	30	38	2	1	0	0	0	0	0	0	0	0	0	0	0	0	0
YJL223C	0	0	0	0	0	0	0	0	0	0	0	0	0	0	0	0	0	0	0	0	0	1	0	0	8	0	0	10	0	3	1	0	1	0	0	0	0	0	0	0	0	0	0	0	0	0	0	0
YMR169C	0	1	0	0	0	0	0	0	0	0	0	0	1	0	0	2	0	0	0	0	4	12	50	3	326	44	5	169	13	161	79	7	88	16	4	49	0	1	4	0	0	0	0	0	0	0	0	0
YCR031C	0	0	1	0	0	2	1	1	0	1	0	6	1	7	4	27	8	1	56	20	109	187	1385	112	10368	784	181	4818	303	3740	1892	134	1526	469	31	541	22	6	183	0	0	0	0	0	0	0	0	0
YPR080W	10	5	16	9	28	24	117	61	25	123	67	308	157	798	259	2406	638	293	2698	1536	9971	17358	107775	9882	795410	65843	16810	409445	33550	350304	178403	18344	165449	32961	7181	78819	1443	1574	9939	0	0	0	0	0	0	0	0	0
YDR418W	0	0	3	0	3	0	0	1	1	2	1	6	1	14	5	32	9	9	40	41	164	364	1564	149	11696	844	391	4984	393	7192	2058	195	3338	315	51	1642	20	22	200	0	0	0	0	0	0	0	0	0
YEL075W-A	0	0	0	0	0	0	0	0	0	0	0	0	0	0	0	0	0	0	0	0	0	0	0	0	2	0	0	1	0	0	0	1	2	0	0	0	0	0	0	0	0	0	0	0	0	0	0	0
YDR471W	0	0	0	0	0	0	0	0	0	0	1	0	0	0	2	5	0	3	7	0	6	11	95	20	534	112	3	643	24	43	120	10	25	28	1	8	0	0	0	0	0	0	0	0	0	0	0	0
YMR173W-A	0	0	3	0	0	65	0	8	3	0	3	0	9	6	0	14	8	6	13	91	33	1587	152	193	1327	258	11855	460	4134	6178	312	2124	2184	94	911	618	20	122	37	0	0	0	0	0	0	0	0	0
YPL281C	0	0	0	0	0	0	0	0	0	0	0	0	0	0	0	0	0	0	0	0	0	0	1	0	9	1	1	6	2	1	1	1	4	1	0	0	0	0	0	0	0	0	0	0	0	0	0	0
YAL069W	0	0	0	0	0	0	0	0	0	0	0	0	0	0	0	0	0	0	0	0	0	0	0	0	0	0	0	1	0	0	0	0	0	0	0	0	0	0	0	0	0	0	0	0	0	0	0	0
YPR108W-A	0	0	0	0	0	0	0	0	0	0	0	0	0	0	0	7	0	1	2	2	87	13	282	7	493	18	10	4	38	255	6	275	11	108	5	23	0	3	3	0	0	0	0	0	0	0	0	0
YLR344W	0	0	0	0	1	0	2	2	1	3	2	4	2	5	2	22	7	5	34	16	85	157	897	87	5926	727	131	3663	307	2019	1284	191	1226	408	97	476	8	28	25	0	0	0	0	0	0	0	0	0
YLR449W	0	0	0	0	0	0	0	0	0	0	0	0	0	1	0	2	0	0	1	1	2	4	5	1	42	0	0	18	0	3	0	0	1	0	0	0	0	0	0	0	0	0	0	0	0	0	0	0
YPL240C	1	0	0	0	4	0	8	1	1	3	3	13	6	29	14	82	33	11	98	73	318	748	3366	321	26668	1978	550	12539	925	9129	5570	496	5149	1011	243	2093	51	44	346	0	0	0	0	0	0	0	0	0
YLR044C	2	0	1	2	0	3	8	3	1	10	0	18	0	24	12	78	30	5	110	43	280	647	3525	257	27642	1965	309	12436	822	4333	4558	384	1842	830	83	656	7	18	42	0	0	0	0	0	0	0	0	0
YHR096C	0	0	0	0	0	0	0	0	0	0	0	1	0	0	1	1	1	0	0	1	4	6	40	2	311	39	4	195	15	118	77	7	71	12	3	27	0	0	1	0	0	0	0	0	0	0	0	0
YBL002W	0	0	0	0	1	0	0	0	0	1	0	0	0	0	0	0	2	0	1	0	3	5	55	5	309	63	3	299	6	44	39	8	57	3	6	10	0	0	0	0	0	0	0	0	0	0	0	0
YCR089W	0	0	0	0	0	0	0	0	0	0	0	0	0	0	0	0	0	0	0	0	0	0	6	0	16	2	0	8	0	4	0	0	2	2	0	0	0	0	0	0	0	0	0	0	0	0	0	0
YDR409W	0	0	0	0	0	0	0	0	0	0	0	0	0	0	0	0	0	0	0	0	0	0	1	0	7	2	0	0	1	1	2	0	0	0	0	0	0	0	0	0	0	0	0	0	0	0	0	0
YEL070W	0	0	0	0	0	0	0	0	0	0	0	0	0	0	0	0	0	0	0	0	0	0	1	0	28	1	0	17	2	16	8	0	7	0	0	0	0	0	2	0	0	0	0	0	0	0	0	0
YOR071C	0	0	0	0	0	0	0	0	0	0	0	0	0	0	0	0	0	0	0	0	0	0	3	0	18	2	0	12	0	5	6	2	2	0	0	2	1	1	0	0	0	0	0	0	0	0	0	0
YML073C	0	0	0	0	1	0	3	2	0	3	1	1	3	4	6	17	8	3	21	19	61	163	592	68	4369	414	200	2637	130	1703	699	78	931	65	38	250	5	12	9	0	0	0	0	0	0	0	0	0
YAL005C	2	2	7	8	10	4	24	10	4	32	18	46	31	155	62	484	129	64	580	321	1955	3775	21447	2127	167219	13471	3387	82907	6687	68539	35518	3556	34670	7162	1333	15721	322	295	2013	0	0	0	0	0	0	0	0	0
YFL023W	0	0	0	0	0	0	0	0	0	0	0	0	0	0	0	0	0	0	0	0	0	4	6	0	32	2	0	10	6	6	2	0	4	0	0	0	0	0	0	0	0	0	0	0	0	0	0	0
YHR174W	2	2	7	8	9	11	36	22	16	58	22	113	45	261	120	845	258	76	943	459	3294	5136	37330	3699	292842	25952	5129	171401	10585	130121	57765	6841	67177	16082	2308	26015	545	374	6353	0	0	0	0	0	0	0	0	0
YDL035C	0	0	0	0	0	0	1	0	0	0	0	0	0	0	0	0	0	0	0	1	0	1	2	0	11	2	0	0	0	2	0	0	0	0	0	0	0	0	2	0	0	0	0	0	0	0	0	0
YML010W	0	0	0	0	0	0	0	0	0	0	0	0	0	0	0	0	0	0	0	1	2	0	1	0	18	1	0	2	0	0	0	0	0	0	0	0	0	0	0	0	0	0	0	0	0	0	0	0
YPR042C	0	0	0	0	0	0	0	0	0	0	0	0	0	0	0	0	0	0	0	0	0	0	2	0	14	0	0	1	0	5	4	0	0	0	0	8	0	0	0	0	0	0	0	0	0	0	0	0
YAL017W	0	0	0	0	0	0	0	0	0	0	0	0	0	0	0	0	0	0	0	0	0	0	0	0	1	0	0	0	0	0	0	0	0	0	0	0	0	0	0	0	0	0	0	0	0	0	0	0
YCR102C	0	0	0	0	0	0	0	0	0	0	0	0	0	0	0	0	0	0	0	0	1	0	7	0	20	1	0	8	1	20	7	0	11	1	0	5	1	0	0	0	0	0	0	0	0	0	0	0
YDL005C	0	0	0	0	0	0	1	0	0	0	0	0	0	0	0	0	0	0	0	0	0	0	0	0	0	0	0	0	0	0	0	0	0	0	0	0	0	0	0	0	0	0	0	0	0	0	0	0
YBR093C	0	0	0	0	0	0	1	0	0	0	2	0	0	5	0	3	2	0	8	7	25	59	306	27	2616	229	33	1399	75	712	429	32	503	116	20	139	6	6	20	0	0	0	0	0	0	0	0	0
YKR106W	0	0	0	0	0	0	0	0	0	0	0	0	0	0	0	0	0	0	0	0	0	0	5	2	30	1	2	11	2	10	6	1	4	3	0	1	0	0	0	0	0	0	0	0	0	0	0	0
YBR108W	0	0	0	0	0	0	0	0	0	0	0	0	0	0	0	0	0	0	0	0	0	4	2	0	46	3	2	11	4	8	5	1	2	0	1	2	0	0	0	0	0	0	0	0	0	0	0	0
YGR240C	0	0	0	0	0	0	0	0	0	0	0	0	0	0	1	0	0	0	0	0	0	0	0	0	0	0	0	0	0	0	0	0	0	0	0	0	0	0	0	0	0	0	0	0	0	0	0	0
YLR134W	2	0	1	1	0	3	8	3	1	6	0	16	0	23	11	74	27	5	107	41	269	656	3460	241	27181	1873	312	11504	821	4334	4559	384	1842	829	84	657	8	18	41	0	0	0	0	0	0	0	0	0
YML103C	0	0	0	0	0	0	0	0	0	0	0	0	0	0	0	0	1	0	2	0	1	0	0	0	0	5	0	0	3	0	0	0	0	0	0	0	0	0	0	0	0	0	0	0	0	0	0	0
YCR041W	0	0	0	0	0	0	0	0	0	0	0	0	0	0	0	0	0	0	0	0	0	0	0	0	6	3	1	1	0	4	3	1	3	0	0	2	0	2	0	0	0	0	0	0	0	0	0	0
YOR390W	0	0	0	0	0	0	0	0	0	0	0	1	0	0	1	0	0	0	1	0	4	13	34	9	289	28	14	146	21	139	66	10	73	5	3	41	2	1	7	0	0	0	0	0	0	0	0	0
YLR154W-C	0	0	0	0	0	0	0	0	0	0	0	0	0	0	0	0	0	0	0	0	0	0	0	0	0	0	1	0	0	0	0	0	0	0	0	0	0	0	0	0	0	0	0	0	0	0	0	0
YER066W	0	0	0	0	0	0	0	0	0	0	0	0	0	0	0	1	0	0	0	0	1	3	3	2	52	3	2	35	5	33	10	1	16	2	0	5	0	0	0	0	0	0	0	0	0	0	0	0
YAL068C	0	0	0	0	0	0	0	0	0	0	0	0	0	0	0	0	0	0	0	0	0	1	1	0	11	2	1	12	0	3	0	0	0	0	0	0	0	0	0	0	0	0	0	0	0	0	0	0
YGL031C	0	0	2	0	1	0	2	0	1	6	1	6	2	13	4	51	14	9	59	32	174	364	2146	208	16124	1147	272	6489	502	5304	2940	353	2310	446	179	1135	17	25	159	0	0	0	0	0	0	0	0	0
YIL053W	0	0	0	0	0	0	0	0	0	0	0	0	0	0	0	0	0	0	0	0	0	0	0	0	1	0	0	0	0	0	0	1	0	0	0	0	0	0	0	0	0	0	0	0	0	0	0	0
YCR038W-A	0	0	0	0	0	0	0	0	0	0	0	0	0	0	0	0	0	0	0	0	0	0	0	0	2	0	0	1	1	0	0	0	1	0	0	0	0	0	0	0	0	0	0	0	0	0	0	0
YLR249W	0	0	0	0	0	0	0	0	0	0	0	0	0	1	1	3	2	1	3	1	8	23	101	13	757	57	31	399	49	467	268	31	336	9	5	133	0	2	1	0	0	0	0	0	0	0	0	0
YDR012W	1	0	2	1	4	4	15	52	3	22	4	36	15	72	25	242	61	24	305	146	1004	1757	11154	1111	84518	7864	1699	49449	3483	37606	19790	1863	18758	3607	713	8329	195	158	1250	0	0	0	0	0	0	0	0	0
YIL066C	0	0	0	0	0	0	0	0	0	0	0	0	0	0	0	0	0	0	0	1	0	0	2	2	12	2	0	9	0	11	1	0	8	0	0	0	0	0	0	0	0	0	0	0	0	0	0	0
YDL082W	0	0	0	0	0	0	3	0	1	1	1	7	3	16	4	55	15	3	39	16	141	245	1822	109	11699	822	109	4715	308	3068	1788	264	1568	446	76	395	16	5	111	0	0	0	0	0	0	0	0	0
YGL253W	0	0	0	0	0	0	0	0	0	0	0	0	0	0	0	0	0	0	2	0	0	1	1	0	2	0	0	0	0	0	0	0	0	0	0	0	0	0	0	0	0	0	0	0	0	0	0	0
YDR345C	0	0	0	0	0	0	1	1	0	1	0	0	1	1	1	9	2	2	20	5	25	56	301	59	2126	330	45	1962	122	932	713	38	1189	74	20	337	5	4	12	0	0	0	0	0	0	0	0	0
YJL177W	0	0	0	0	0	0	2	1	0	1	0	3	0	1	2	20	9	6	33	29	93	192	975	94	6505	630	166	3340	236	2600	1493	110	838	131	31	363	7	13	18	0	0	0	0	0	0	0	0	0
YMR230W	1	0	0	0	1	0	0	1	0	5	0	1	1	4	0	11	5	0	15	7	42	85	665	57	4357	395	44	2392	79	712	319	52	289	58	26	53	1	3	1	0	0	0	0	0	0	0	0	0
YFL058W	0	0	0	0	0	0	0	0	0	0	0	0	0	0	0	0	0	0	0	2	0	3	6	1	29	5	9	28	12	32	23	15	19	3	8	8	0	1	2	0	0	0	0	0	0	0	0	0
YBR299W	0	0	0	0	0	0	0	0	0	0	0	0	0	0	0	1	0	0	0	0	0	1	3	0	47	3	4	26	2	28	11	2	5	2	2	3	0	0	0	0	0	0	0	0	0	0	0	0
YOR108W	0	0	0	0	1	0	0	0	0	0	0	0	0	0	0	1	2	0	0	1	0	7	31	2	235	14	3	139	8	75	23	3	29	7	1	9	0	0	1	0	0	0	0	0	0	0	0	0
YPL081W	2	0	0	1	0	0	3	0	0	1	1	5	0	9	6	48	18	3	46	21	120	303	1236	159	10245	1019	247	5642	423	3202	2373	194	2479	348	70	944	9	37	98	0	0	0	0	0	0	0	0	0
YDR544C	0	0	0	0	0	0	0	0	0	0	0	0	0	0	0	0	0	0	0	0	0	0	0	0	2	0	0	1	1	0	0	0	0	0	0	0	0	0	0	0	0	0	0	0	0	0	0	0
YER102W	3	0	1	0	3	0	6	4	1	17	7	24	9	76	20	195	60	17	219	126	823	1525	9144	924	64059	7114	1334	39655	2835	29980	13873	1495	15815	2204	608	5558	93	134	651	0	0	0	0	0	0	0	0	0
YLR466C-B	0	0	0	0	0	0	0	0	0	0	0	0	0	0	0	0	0	0	0	0	0	0	1	0	2	0	0	1	1	0	0	0	1	0	0	0	0	0	0	0	0	0	0	0	0	0	0	0
YHR054C	0	0	0	0	0	0	0	0	0	0	0	0	0	1	1	3	0	0	3	3	12	22	91	19	775	82	40	419	50	415	200	29	235	42	15	90	3	1	16	0	0	0	0	0	0	0	0	0
YJR161C	0	0	0	1	0	0	0	0	0	0	0	0	1	6	2	5	5	1	4	2	13	33	167	37	1276	198	37	909	117	537	313	61	349	66	25	191	3	2	13	0	0	0	0	0	0	0	0	0
YHR216W	0	0	1	0	0	1	0	0	0	0	0	0	0	5	0	11	3	2	14	4	27	53	331	41	2233	272	48	1563	78	1019	595	56	657	113	21	217	6	3	30	0	0	0	0	0	0	0	0	0
YKL172W	0	0	0	0	0	0	0	0	0	0	0	0	0	0	0	7	0	0	0	0	0	10	24	1	161	1	0	34	2	13	8	5	5	4	0	0	0	0	0	0	0	0	0	0	0	0	0	0
YGL189C	0	1	0	0	1	0	0	0	0	3	0	2	1	9	3	18	6	2	17	11	47	95	530	55	3240	241	34	1232	106	361	590	63	147	41	20	66	3	0	6	0	0	0	0	0	0	0	0	0
YLR206W	0	0	0	0	0	0	0	0	0	0	0	0	0	0	0	0	0	0	0	1	0	1	6	0	33	8	0	29	0	4	5	0	7	0	1	0	0	0	0	0	0	0	0	0	0	0	0	0
YDR342C	0	0	0	0	0	0	1	1	0	1	0	1	1	2	1	9	4	3	26	5	28	81	405	65	2881	405	60	2299	155	1269	871	63	1363	118	33	446	11	11	31	0	0	0	0	0	0	0	0	0
YDR443C	0	0	0	0	0	0	0	0	0	0	0	0	0	0	0	0	0	0	0	0	0	1	0	0	10	1	1	4	0	6	1	0	3	0	0	0	0	0	0	0	0	0	0	0	0	0	0	0
YEL036C	0	0	0	0	0	0	0	0	1	0	0	0	0	0	0	2	0	0	0	1	1	2	8	1	57	15	0	29	5	13	18	4	9	2	3	3	0	0	0	0	0	0	0	0	0	0	0	0
YHR010W	0	0	0	0	0	0	0	0	0	0	1	0	0	0	2	5	0	3	7	0	6	11	95	20	534	112	3	643	24	43	120	10	25	28	1	8	0	0	0	0	0	0	0	0	0	0	0	0
YDR508C	0	0	0	0	0	0	0	0	0	0	0	0	0	0	0	0	0	0	0	0	0	4	9	5	86	12	4	37	7	65	42	0	29	7	1	18	0	0	1	0	0	0	0	0	0	0	0	0
YER056C	0	0	0	0	0	0	0	0	0	0	0	0	0	0	1	3	1	1	3	0	6	10	84	13	498	52	10	320	22	330	138	25	176	15	5	69	0	0	10	0	0	0	0	0	0	0	0	0
YCR067C	0	0	0	0	0	0	0	0	0	0	0	0	0	0	0	0	0	0	0	0	0	0	0	0	0	1	0	0	0	0	0	0	0	0	0	0	0	0	0	0	0	0	0	0	0	0	0	0
YML063W	0	0	0	0	0	0	3	0	1	4	0	5	4	7	2	28	14	8	47	27	125	273	1619	192	12690	1465	221	8158	631	4247	3077	292	2741	392	118	1649	22	27	122	0	0	0	0	0	0	0	0	0
YAL035W	0	0	0	0	0	0	0	0	0	0	0	0	0	0	0	4	0	0	1	1	1	5	12	0	58	0	0	14	0	5	0	0	0	0	0	0	0	0	0	0	0	0	0	0	0	0	0	0
YFR053C	0	0	0	0	0	0	0	0	0	0	0	0	0	0	0	0	0	0	0	0	2	0	2	0	0	2	0	0	0	0	0	0	0	0	0	0	0	0	0	0	0	0	0	0	0	0	0	0
YDR001C	0	0	0	0	0	0	0	0	0	0	0	0	0	0	0	0	0	0	0	0	1	1	0	1	11	2	1	3	0	1	1	0	2	0	1	0	0	0	0	0	0	0	0	0	0	0	0	0
YDR060W	0	0	0	0	0	0	1	0	0	0	0	0	0	0	0	0	0	0	0	0	0	0	0	0	0	0	0	0	0	0	0	0	0	0	0	0	0	0	0	0	0	0	0	0	0	0	0	0
YBL072C	3	0	1	0	3	0	6	4	1	17	7	24	9	76	20	197	58	17	215	126	827	1500	9168	925	64053	7130	1324	39652	2840	29978	13875	1500	15808	2204	607	5559	92	137	649	0	0	0	0	0	0	0	0	0
YNL338W	0	0	0	0	0	0	0	0	0	0	0	0	0	0	0	0	0	0	0	0	0	0	0	0	2	0	0	1	1	0	0	0	1	0	0	0	0	0	0	0	0	0	0	0	0	0	0	0
YKR013W	0	0	0	0	0	2	0	0	0	0	0	0	0	0	0	0	0	0	0	0	0	0	0	0	0	0	0	0	0	0	0	0	0	0	0	0	0	0	0	0	0	0	0	0	0	0	0	0
YHR135C	0	0	0	0	0	0	0	0	0	0	0	0	0	0	0	0	0	0	0	0	0	0	0	0	6	1	0	0	0	10	0	3	3	0	8	0	0	0	0	0	0	0	0	0	0	0	0	0
YBL011W	0	0	0	0	0	0	0	0	0	0	0	0	0	0	0	1	0	0	0	0	0	1	1	0	13	0	0	3	0	0	0	0	0	1	0	0	0	0	0	0	0	0	0	0	0	0	0	0
YBR001C	0	0	0	0	0	0	0	0	0	0	0	0	0	0	0	0	0	0	0	0	1	1	0	1	11	2	1	3	0	1	1	0	2	0	1	0	0	0	0	0	0	0	0	0	0	0	0	0
YGL025C	0	0	0	0	0	0	0	0	0	0	0	0	0	0	0	0	0	0	0	0	1	2	1	0	5	0	0	0	0	0	0	0	0	0	0	0	0	0	0	0	0	0	0	0	0	0	0	0
YER060W-A	0	0	0	0	0	0	0	0	0	0	0	0	0	0	1	3	1	1	3	0	6	11	82	13	504	50	11	319	22	333	137	25	180	16	5	72	0	0	10	0	0	0	0	0	0	0	0	0
YBR181C	2	0	3	0	2	2	18	9	3	21	8	38	19	109	29	287	86	40	368	202	1195	2222	13794	1379	96002	9219	1881	53064	3975	36811	20209	2201	22929	3654	911	8465	161	240	1088	0	0	0	0	0	0	0	0	0
YOR167C	0	0	0	0	0	0	0	1	0	1	0	1	0	1	1	5	1	0	7	1	4	8	108	2	327	37	2	228	5	74	43	5	40	6	5	21	0	0	0	0	0	0	0	0	0	0	0	0
YDL229W	1	0	3	3	8	6	23	11	4	25	10	44	21	135	42	361	103	29	411	226	1359	2528	14723	1518	110532	9827	2262	58367	4505	44662	24893	2275	24632	4722	897	10773	153	162	1502	0	0	0	0	0	0	0	0	0
YMR263W	0	0	0	0	0	0	0	0	0	0	0	0	0	0	0	0	0	0	0	0	0	0	0	0	5	0	0	0	0	3	1	0	1	0	0	0	0	0	0	0	0	0	0	0	0	0	0	0
YHR212C	0	0	0	0	0	0	0	0	0	0	0	0	0	0	0	0	0	0	0	0	0	0	0	0	0	0	1	0	0	1	0	0	0	0	0	0	0	0	0	0	0	0	0	0	0	0	0	0
