YOR389W	0	0	0	0	0	0	0	0	0	0	0	0	0	0	0	0	0	0	0	0	0	0	0	0	0	0	0	1	0	1	0	1	1	0	0	1	0	1	2	0	1	0	0	0	0	0	0	0
YMR323W	1	0	0	0	0	0	0	0	0	0	0	0	0	0	0	0	0	0	0	0	0	0	0	0	0	0	0	0	0	0	0	0	0	0	0	1	0	0	0	0	0	0	0	0	0	0	0	0
YLR197W	0	0	0	0	0	0	0	0	0	0	0	0	1	0	0	0	0	0	0	0	0	0	0	0	0	0	0	0	0	0	0	0	0	0	0	0	0	0	0	0	0	0	0	0	0	0	0	0
YIL156W	0	0	0	0	0	0	0	1	0	0	0	0	0	0	0	0	0	0	0	0	0	0	0	0	0	0	0	0	0	0	0	0	0	0	0	0	0	0	0	0	0	0	0	0	0	0	0	0
YIL176C	0	0	0	0	0	0	0	0	0	0	0	0	0	0	0	0	0	0	0	0	0	0	0	0	0	0	0	0	0	0	4	0	0	2	0	1	1	1	0	0	0	0	0	0	0	0	0	0
YMR205C	0	0	0	0	0	0	0	0	0	0	0	0	0	0	0	0	0	0	0	0	0	0	0	0	0	0	0	0	0	0	0	0	0	1	0	0	0	0	0	0	0	0	0	0	0	0	0	0
YPR041W	2	0	0	0	0	0	0	0	0	0	0	0	0	0	0	0	0	0	0	0	0	0	0	0	0	0	0	0	0	0	0	0	0	0	0	0	0	0	0	0	0	0	0	0	0	0	0	0
YGR296W	1	6	1	1	3	1	1	0	1	2	0	0	1	7	0	0	2	4	10	6	6	8	15	13	26	12	4	50	14	65	58	98	118	93	135	142	48	145	98	44	85	19	17	11	1	0	1	1
YGR148C	2	4	11	6	9	0	5	13	2	11	10	7	10	9	10	16	25	7	25	22	9	35	29	28	196	39	24	225	47	295	288	407	406	245	576	358	164	552	235	84	295	23	51	25	4	5	0	1
YKR059W	15	26	35	19	48	30	26	63	39	41	58	42	42	81	36	109	84	81	79	95	112	168	163	137	984	237	278	1629	474	2089	2033	2579	3675	2278	4126	4136	1239	4297	3346	944	2842	597	484	341	107	40	20	25
YER131W	3	1	1	3	0	4	4	8	2	6	5	3	15	4	3	18	3	4	5	4	10	9	19	12	72	10	6	75	14	90	69	96	98	77	209	67	34	152	82	25	142	12	10	17	0	0	0	0
YPL249C-A	9	0	0	8	2	0	10	5	0	7	12	2	6	3	3	17	3	2	12	10	6	29	23	8	137	22	24	389	72	103	669	357	147	553	606	164	306	1048	156	502	557	40	217	52	15	30	2	4
YML017W	0	0	0	0	0	0	0	0	0	0	0	0	0	0	0	0	0	0	0	0	0	0	0	0	0	0	0	0	0	0	0	0	0	0	0	1	0	0	0	0	0	0	0	0	0	0	0	0
YHR077C	0	0	0	0	0	0	0	0	0	0	0	0	0	0	0	0	0	0	0	0	0	0	0	0	0	0	0	0	0	1	0	0	0	0	0	0	0	0	0	0	0	0	0	0	0	0	0	0
YBR135W	0	0	0	0	0	0	0	0	0	0	0	1	0	2	0	0	0	1	0	0	1	0	0	3	0	6	0	0	3	5	1	0	13	1	0	7	1	1	2	1	0	1	0	0	0	0	0	0
YKL224C	0	0	0	0	0	0	0	0	0	0	0	0	0	0	0	0	0	0	0	0	0	0	0	0	0	0	0	0	0	0	2	0	0	0	0	1	2	0	0	0	0	0	0	0	0	0	0	0
YLR048W	4	8	6	2	5	2	5	11	23	13	3	6	10	5	6	16	10	18	24	5	25	18	22	31	127	19	27	226	35	238	114	117	453	186	271	277	173	178	360	82	126	92	53	36	16	3	1	15
YHR092C	0	2	0	1	3	1	0	1	1	3	0	0	0	0	0	3	0	1	0	0	2	2	3	0	10	6	1	30	3	16	11	25	58	12	56	24	22	34	17	11	18	5	5	6	4	0	0	0
YIR004W	2	0	0	0	0	0	0	0	0	0	0	0	0	0	0	0	0	0	0	0	0	0	0	0	0	0	0	0	0	0	0	0	0	0	0	0	0	0	0	0	0	0	0	0	0	0	0	0
YPR145W	2	1	2	0	1	2	0	1	0	1	6	1	0	8	0	1	3	0	1	6	1	3	5	6	11	5	5	24	16	62	20	74	83	26	121	117	13	113	87	4	50	18	6	4	1	2	0	1
YGL201C	0	0	0	0	0	0	0	0	0	0	0	0	0	0	0	0	0	0	0	0	0	0	0	0	1	0	0	3	0	0	0	0	1	0	0	0	0	0	0	0	0	0	0	0	0	0	0	0
YDR099W	1	1	3	0	0	2	4	2	1	1	4	0	2	3	2	1	4	4	0	1	5	1	6	7	10	6	2	25	6	26	18	27	33	25	44	34	4	11	20	4	11	4	0	5	0	0	1	0
YGR256W	0	0	0	0	0	0	0	0	0	0	0	0	0	0	1	0	0	0	0	0	0	0	0	0	0	0	0	0	0	0	0	0	6	0	2	8	0	0	4	0	0	0	0	0	0	0	0	0
YBL027W	5	4	2	9	10	17	7	11	10	12	14	24	13	13	14	21	23	31	33	28	36	46	35	49	290	49	66	510	71	722	447	640	1068	509	758	1121	277	717	717	186	323	115	90	32	12	0	1	4
YKL096W-A	0	1	0	0	0	0	0	2	0	0	2	0	0	4	0	0	0	0	0	0	0	0	0	0	0	0	0	0	0	0	0	0	1	0	0	0	0	0	0	0	0	0	0	0	0	0	0	0
YFL010C	0	0	0	0	0	0	0	0	0	0	0	0	0	0	0	0	0	0	0	0	0	0	0	0	0	0	0	0	0	0	0	0	0	0	0	0	0	8	0	0	0	0	0	0	0	0	0	0
YNL208W	0	2	2	0	0	0	0	4	0	0	0	0	2	0	0	0	0	0	2	0	2	0	2	0	2	0	0	6	0	0	0	0	2	0	0	8	0	0	2	0	0	4	0	0	0	0	0	0
YOR309C	0	0	0	0	0	0	0	0	0	0	0	1	0	0	0	0	0	2	0	0	0	0	0	0	1	0	0	1	0	3	0	1	0	1	0	0	0	0	0	0	0	0	0	0	0	0	0	0
YMR227C	0	0	0	0	0	0	0	0	0	0	0	0	0	0	0	0	1	0	0	0	0	0	0	0	0	0	0	0	0	1	0	1	0	0	0	0	0	0	0	0	0	0	0	0	0	0	0	0
YPL277C	0	0	0	0	0	0	0	0	0	0	0	0	0	0	0	0	0	0	0	0	0	0	0	0	0	0	0	0	0	1	0	1	1	0	0	1	0	1	2	0	1	0	0	0	0	0	0	0
YAL063C	0	0	0	0	0	0	0	0	0	0	0	0	0	0	0	0	0	0	0	0	0	0	0	0	0	0	0	1	0	0	3	0	2	2	0	2	4	2	2	0	3	0	0	0	0	0	0	0
YOL130W	0	0	0	0	0	0	0	0	0	0	0	0	0	0	0	0	0	0	0	0	0	0	2	0	0	0	0	1	0	1	0	0	1	1	1	0	0	1	0	1	0	0	0	0	0	0	0	0
YFL021W	0	1	0	0	0	0	0	0	0	0	0	0	0	0	0	0	0	0	0	0	0	0	0	0	0	0	0	0	0	0	0	0	0	0	0	0	0	0	0	0	0	0	0	0	0	0	0	0
YJL219W	0	0	0	0	0	0	0	0	0	0	0	0	0	0	0	0	0	0	0	0	0	0	0	0	0	0	0	2	0	0	1	1	5	0	0	1	0	0	0	0	0	0	0	0	0	0	0	0
YDL246C	0	0	0	0	0	0	0	0	0	0	0	0	0	0	0	0	0	0	0	0	0	1	0	0	0	0	0	0	1	0	2	0	0	2	3	3	3	0	6	0	3	0	1	0	0	0	0	0
YNL031C	2	4	6	2	2	0	3	11	7	6	9	4	9	12	4	15	6	3	10	13	5	21	32	7	93	19	17	194	59	140	240	267	333	270	526	376	159	626	388	90	444	84	68	35	13	0	4	2
YER081W	0	0	0	0	0	0	0	1	1	0	0	0	0	0	0	1	0	0	0	1	0	1	1	0	2	1	1	2	1	5	2	4	8	6	5	6	1	5	18	2	10	3	2	1	0	0	0	1
YER070W	0	0	0	0	0	0	0	0	0	0	0	0	0	0	0	0	0	0	1	0	3	0	0	0	1	0	0	3	0	2	0	0	1	1	3	6	0	1	0	0	0	3	0	0	0	0	0	0
YPL036W	3	0	2	2	2	1	3	2	2	2	1	1	6	2	2	5	2	3	7	4	2	8	14	4	43	8	11	57	8	50	40	56	89	69	66	98	38	104	72	41	48	11	15	3	3	3	0	1
YDR450W	11	4	15	5	15	12	19	10	12	15	19	15	10	37	17	24	27	27	20	21	29	27	57	26	236	72	88	368	103	456	399	627	972	402	811	769	187	645	634	131	415	126	48	45	16	6	0	7
YPR203W	0	0	0	0	0	0	0	0	0	0	0	0	0	1	0	0	0	0	1	0	1	0	0	1	0	1	0	1	0	7	6	7	5	7	10	9	6	8	5	1	4	1	2	1	0	0	0	0
YJL113W	0	0	0	0	0	0	0	0	0	0	0	0	0	0	0	0	0	0	1	0	2	0	0	0	0	0	0	4	0	1	1	3	3	0	1	1	1	0	0	0	0	0	0	0	0	0	0	0
YKR057W	2	2	6	0	3	3	3	4	1	3	4	1	0	6	4	3	6	3	3	12	1	6	6	12	49	12	6	97	16	52	34	111	121	64	264	130	46	157	102	6	45	26	1	8	1	0	0	0
YML056C	1	3	1	2	2	0	1	6	2	4	1	0	3	4	1	4	1	4	5	5	11	3	14	4	43	17	10	56	14	88	66	94	165	74	124	193	53	149	178	43	99	26	26	23	10	3	3	6
YGL227W	0	0	0	0	1	0	0	1	0	0	1	0	0	0	0	0	0	0	0	0	0	0	0	0	0	0	0	0	0	0	0	1	0	0	0	0	0	0	0	0	0	0	0	0	0	0	0	0
YIL018W	10	8	19	25	27	28	26	37	43	33	66	52	41	74	47	59	57	52	92	81	82	100	164	109	571	225	186	1358	278	1711	1427	1991	3435	1880	3542	3557	1163	3298	3267	788	2617	600	416	337	84	30	36	44
YIL074C	0	0	0	0	0	0	0	1	1	0	0	0	0	0	0	1	0	0	0	1	0	1	1	0	2	1	1	2	1	5	2	4	8	6	5	6	1	5	18	2	10	3	2	1	0	0	0	1
YOL144W	0	0	0	0	1	1	0	0	0	0	0	0	0	0	0	0	0	0	0	0	0	0	0	0	0	0	0	0	0	3	0	0	0	0	0	0	0	0	0	0	0	0	0	0	0	0	0	0
YCR012W	1	0	0	0	0	0	0	0	0	0	0	0	0	0	0	0	0	0	0	0	0	0	0	0	0	0	0	0	0	0	0	0	0	0	0	0	0	0	0	0	0	0	0	0	0	0	0	0
YLR325C	0	1	0	0	0	0	0	0	0	0	0	0	0	0	0	0	0	0	0	0	0	0	0	0	0	0	0	0	0	0	0	0	0	0	0	0	0	0	0	0	0	0	0	0	0	0	0	0
YOL156W	0	0	0	0	0	0	0	0	0	0	0	0	0	0	0	0	0	0	0	0	0	0	0	0	0	0	0	2	0	0	1	0	5	0	0	1	0	1	0	0	0	0	0	0	0	0	0	0
YBR297W	0	0	0	0	0	0	0	0	0	0	0	0	0	0	0	0	0	0	0	0	0	0	0	0	0	0	0	0	0	1	0	1	1	0	0	0	0	0	0	0	2	0	0	0	0	0	0	0
YDR278C	15	1	0	4	1	35	2	24	3	9	5	1	1	1	37	9	26	4	11	17	3	24	12	15	20	49	25	51	105	19	66	138	235	41	818	201	379	760	16	558	173	89	93	29	198	11	7	9
YKL156W	0	1	0	0	0	0	0	0	0	0	0	0	0	0	0	0	0	0	0	0	0	0	0	0	0	0	0	0	0	0	0	0	0	0	0	0	0	0	0	0	0	0	0	0	0	0	0	0
YBR202W	0	0	0	0	0	0	0	0	0	0	0	0	0	0	0	0	0	0	0	0	0	0	0	0	1	0	0	3	0	0	0	0	1	0	0	0	0	0	0	0	0	0	0	0	0	0	0	0
YCR039C	0	0	0	0	0	0	0	0	1	0	0	0	0	0	0	0	0	0	0	0	2	0	0	0	0	2	1	5	0	2	8	5	5	2	1	5	6	0	6	0	3	6	3	0	0	0	0	0
YGR118W	20	9	7	17	18	13	13	19	6	19	22	22	19	27	11	40	25	36	38	29	36	68	72	41	348	69	77	611	107	498	684	691	875	933	1164	883	470	1176	921	280	713	155	133	57	9	3	3	4
YAR069C	0	0	0	0	0	0	0	0	0	0	0	0	0	0	0	0	0	0	0	0	0	0	0	0	0	0	0	1	0	0	0	0	0	0	0	0	0	0	0	0	0	0	0	0	0	0	0	0
YOR185C	0	1	0	0	1	0	0	0	0	0	0	0	0	0	1	0	0	0	0	0	0	0	0	0	5	0	0	15	1	0	7	0	9	3	0	0	1	0	0	0	0	0	0	0	0	0	0	0
YLR175W	0	0	0	0	0	0	0	0	0	1	0	0	1	0	0	0	0	0	0	0	0	0	0	0	0	1	0	3	1	0	0	0	1	0	1	0	0	0	0	0	0	0	0	0	0	0	0	0
YOL120C	8	8	8	9	9	13	10	8	13	16	15	16	19	22	13	34	20	22	59	21	34	71	35	34	322	58	70	714	113	545	726	680	1343	719	1037	1261	680	1032	476	506	549	110	107	79	30	10	1	3
YOR133W	47	57	73	50	125	69	82	115	97	74	171	128	113	247	102	239	186	168	278	283	318	403	569	417	2462	733	671	4466	1254	5772	5399	8012	10226	6775	13279	11180	3948	13544	9622	2707	9686	1621	1515	1248	298	148	79	95
YGR279C	0	0	0	0	0	0	0	0	0	0	0	0	0	0	0	0	0	1	0	0	0	0	1	1	1	0	0	1	0	7	0	0	15	0	2	0	2	0	0	0	0	0	0	0	0	0	0	0
YMR143W	2	2	6	5	7	4	2	5	9	2	5	4	3	4	10	5	7	7	11	3	16	4	13	14	27	9	24	67	7	140	64	72	245	149	151	276	103	66	183	35	28	41	17	4	10	2	2	10
YCL067C	0	0	0	0	0	0	0	0	1	0	0	0	0	0	0	0	0	0	0	0	2	0	0	0	0	2	1	5	0	2	8	5	5	2	1	5	6	0	6	0	3	6	3	0	0	0	0	0
YOR192C	0	0	0	0	0	0	0	0	0	0	0	0	0	0	0	0	0	0	0	0	0	0	0	0	0	0	1	1	0	1	0	1	1	0	0	3	0	2	0	0	0	1	0	0	0	0	0	0
YMR043W	0	0	0	0	0	0	0	0	0	0	0	0	0	2	0	0	0	0	0	0	0	0	0	1	0	2	0	0	0	0	0	1	3	0	0	0	0	0	1	0	0	0	0	0	0	0	0	0
YMR251W-A	0	0	0	0	0	0	0	0	0	0	0	0	0	0	0	0	0	0	0	0	0	0	0	1	0	0	0	0	0	0	0	0	0	0	0	0	0	0	0	0	0	0	0	0	0	0	0	0
YGR249W	0	0	0	0	0	0	0	1	0	0	0	0	0	0	0	0	0	0	0	0	0	0	0	0	0	0	0	0	0	0	0	0	0	0	0	0	0	0	0	0	0	0	0	0	0	0	0	0
YGR295C	0	0	0	0	0	0	0	0	0	1	0	0	1	0	0	2	0	1	0	0	1	2	4	2	11	1	3	10	8	21	15	28	38	13	45	50	20	44	28	26	24	12	5	3	0	0	0	0
YER103W	0	0	0	0	0	0	0	0	0	0	0	0	0	0	0	0	0	0	0	0	0	0	0	0	0	0	0	0	0	2	0	0	2	0	0	1	0	0	2	0	0	0	0	0	0	0	0	0
YFL060C	0	0	0	0	0	0	0	0	0	1	0	0	0	0	0	0	0	0	0	0	0	0	0	0	1	0	0	0	0	0	1	8	1	2	2	3	2	0	4	0	1	0	3	0	0	0	0	0
YMR269W	0	1	0	0	0	0	0	0	0	0	0	0	0	0	0	0	0	0	0	0	0	0	0	0	0	0	0	0	0	0	0	0	0	0	0	0	0	0	0	0	0	0	0	0	0	0	0	0
YGL122C	0	0	0	0	0	0	0	0	0	0	0	0	0	2	0	0	0	8	0	0	0	0	7	0	0	0	0	0	0	42	7	42	63	8	68	176	72	83	99	93	54	0	19	32	0	6	0	7
YHR141C	8	3	10	11	15	15	21	17	11	19	30	11	30	33	18	43	38	33	48	46	47	70	75	46	381	121	81	615	190	694	767	958	1314	931	1508	1416	532	1581	1154	428	896	207	254	113	53	17	9	16
YEL073C	0	0	0	0	0	0	0	0	0	0	0	0	0	0	0	0	0	0	0	0	0	0	0	0	0	0	0	0	0	0	0	0	0	0	0	0	1	0	0	0	0	0	0	0	0	0	0	0
YKL006W	10	3	16	8	14	17	14	22	18	13	23	18	22	15	21	38	23	41	47	40	55	71	73	78	332	100	134	614	150	940	750	901	1591	1012	1223	1819	661	1284	1318	530	758	237	276	125	29	24	5	15
YGL147C	9	11	6	13	20	4	11	24	6	16	17	7	27	47	17	43	23	11	29	37	30	50	75	33	296	90	49	497	138	457	666	816	650	786	1320	875	283	1449	633	213	1033	117	138	108	20	2	12	9
YMR305C	0	0	0	0	0	0	0	0	0	0	0	0	0	0	0	0	0	1	0	0	0	0	1	1	1	0	0	1	0	7	0	0	15	0	2	0	2	0	0	0	0	0	0	0	0	0	0	0
YCL028W	0	0	0	0	0	0	0	0	0	0	0	0	0	0	0	0	0	0	0	0	0	0	0	0	0	0	0	0	0	0	0	0	0	0	0	2	0	0	0	0	0	0	0	0	0	0	0	0
YBR150C	0	0	0	0	0	0	0	0	0	0	0	0	0	0	0	0	0	0	0	0	0	0	0	0	0	0	0	0	0	12	0	26	0	0	1	0	0	1	1	10	0	0	10	3	1	0	0	0
YDL136W	16	13	12	10	19	21	14	28	18	19	29	18	34	44	27	26	46	38	50	39	45	106	90	59	455	135	87	903	233	882	1035	1247	1540	1246	2230	1683	828	2245	1168	657	1231	272	254	134	31	32	1	24
YBR191W	5	10	6	9	12	3	12	32	6	14	15	15	13	16	9	29	29	6	40	35	28	32	53	47	198	73	56	364	120	681	325	746	890	486	1161	760	340	963	747	174	767	129	85	91	11	9	2	4
YGR270W	0	0	0	0	0	0	0	0	0	0	1	0	0	0	0	0	0	0	0	0	0	0	0	0	0	0	0	0	0	0	0	0	0	0	0	0	0	0	0	0	0	0	0	0	0	0	0	0
YEL055C	0	0	0	0	0	1	0	0	0	0	0	0	0	0	0	0	0	0	0	0	0	0	0	0	0	0	0	0	0	0	0	0	0	0	0	0	0	0	0	0	0	0	0	0	0	0	0	0
YBR143C	0	0	0	0	0	1	0	0	0	0	0	0	0	0	0	0	0	0	0	0	0	0	0	0	0	0	0	0	0	0	0	0	0	0	0	0	0	0	0	0	0	0	0	0	0	0	0	0
YJR047C	3	2	4	2	7	1	1	4	0	6	8	6	7	4	4	11	15	5	12	8	9	16	10	11	65	17	9	113	27	85	107	166	113	141	242	107	88	339	101	68	119	29	31	17	0	9	5	0
YMR006C	0	0	0	0	0	0	0	0	0	0	0	0	0	0	0	0	0	0	0	0	0	0	0	0	0	0	0	0	0	0	1	0	0	1	1	3	0	2	0	1	0	1	0	0	0	0	0	0
YGL053W	0	0	0	0	0	0	0	0	0	0	0	0	0	0	0	0	0	0	0	0	0	0	0	0	1	0	0	2	0	6	3	1	6	7	4	3	1	2	1	2	3	3	0	0	1	0	0	0
YFL050C	0	0	0	0	0	0	0	0	0	0	0	0	0	0	0	0	0	0	0	0	0	0	2	0	0	0	0	1	0	1	0	0	1	1	1	0	0	1	0	1	0	0	0	0	0	0	0	0
YLR029C	9	14	15	9	2	12	17	11	18	3	16	19	10	11	13	34	25	22	17	22	25	40	48	43	239	69	65	384	111	545	523	676	945	585	1151	959	375	1215	605	290	519	125	102	72	21	3	7	4
YIL172C	0	0	0	0	0	0	0	0	0	0	0	0	0	0	0	0	0	0	0	0	0	1	1	0	1	0	1	0	0	6	0	3	3	0	5	1	0	5	1	0	6	0	0	0	0	0	0	0
YDR385W	47	57	73	50	125	69	82	115	97	74	171	128	113	247	102	239	186	168	278	283	318	403	569	417	2462	733	671	4466	1254	5772	5399	8012	10226	6775	13279	11180	3948	13544	9622	2707	9686	1621	1515	1248	298	148	79	95
YEL049W	0	0	0	0	0	0	0	0	0	0	0	0	0	0	0	0	0	0	0	0	0	0	0	0	0	0	0	0	0	1	4	0	0	0	0	0	0	0	0	0	0	0	0	0	0	0	0	0
YEL017C-A	1	0	0	0	1	0	1	2	0	1	3	0	1	1	1	1	5	0	9	2	1	1	2	1	2	15	4	52	6	5	32	30	48	25	51	26	15	28	6	7	10	6	0	3	0	0	0	0
YIL133C	1	2	0	0	0	1	0	2	1	2	0	0	2	0	2	1	0	1	0	0	2	3	0	2	4	1	0	16	1	1	0	0	3	0	0	6	0	0	5	1	0	1	0	0	1	0	0	1
YGR240C	0	0	0	0	1	0	0	0	0	0	0	0	0	0	0	0	0	0	0	0	0	0	0	0	0	0	0	0	0	0	0	0	0	1	0	0	0	0	0	0	0	0	0	0	0	0	0	0
YIL069C	12	12	6	10	16	19	15	24	9	12	24	21	15	33	20	35	31	27	37	43	44	56	73	51	425	125	108	666	185	936	675	1071	1563	795	1744	1581	493	1442	1378	357	942	198	177	141	30	11	6	8
YBR054W	0	0	0	0	0	0	0	0	0	0	0	0	0	0	0	0	0	2	0	0	0	2	0	0	0	1	0	0	0	2	1	0	1	2	1	4	4	0	6	2	0	0	0	0	0	0	0	0
YIL052C	1	4	4	4	8	7	7	15	12	8	18	10	15	17	7	15	8	7	24	29	15	25	28	19	215	48	26	330	45	278	383	242	576	345	402	568	227	397	389	108	282	53	61	38	5	11	0	2
YEL007W	0	0	0	0	0	0	0	0	0	0	0	0	0	0	0	0	0	0	0	0	0	0	0	0	0	0	0	1	0	0	0	0	0	0	0	0	1	1	0	0	0	0	0	0	0	0	0	0
YNL067W	9	11	6	13	20	4	11	24	6	16	17	7	27	47	17	43	23	11	30	37	29	53	76	29	299	87	49	497	139	456	670	812	650	785	1320	876	283	1450	632	214	1032	117	138	108	20	2	12	9
YHR208W	0	0	0	0	0	0	0	0	0	0	0	0	0	0	1	0	0	0	0	0	0	0	0	0	0	0	0	0	0	0	0	0	0	0	0	0	0	0	0	0	0	0	0	0	0	0	0	0
YLR061W	0	0	2	0	0	1	0	1	0	0	0	1	0	0	0	0	1	1	0	0	5	0	0	2	0	0	0	0	0	0	0	0	0	0	0	0	0	0	0	0	0	0	0	0	0	0	0	0
YLR237W	0	0	0	0	0	0	0	0	0	0	0	0	0	0	0	0	0	0	0	0	0	0	0	0	0	0	0	1	0	0	0	0	0	1	0	3	0	1	1	0	1	1	0	0	0	0	0	0
YLR390W-A	2	0	0	0	0	0	0	0	0	2	0	2	4	0	0	0	0	0	2	0	0	4	4	0	14	0	2	38	2	8	32	24	4	44	36	10	34	26	4	12	40	0	18	0	0	4	0	0
YHR214W-A	0	0	0	0	0	0	0	0	0	0	0	0	0	0	0	0	0	0	0	0	0	0	0	0	0	0	0	0	0	1	0	0	0	2	0	0	0	0	0	0	0	0	0	0	0	0	0	0
YNL069C	1	2	0	0	0	1	0	2	1	2	0	0	2	0	2	1	0	1	0	0	2	3	0	2	4	1	0	16	1	1	0	0	3	0	0	6	0	0	5	1	0	1	0	0	1	0	0	1
YKR042W	0	0	0	0	0	0	0	1	0	0	0	0	0	0	0	0	0	0	0	0	0	0	0	0	0	0	0	0	0	0	0	0	0	0	0	0	0	0	0	0	0	0	0	0	0	0	0	0
YNR052C	0	0	0	0	0	0	0	0	0	0	0	0	0	0	0	0	0	0	0	0	0	0	0	0	0	1	0	0	0	0	0	0	2	0	4	4	1	0	1	1	0	0	0	0	0	0	0	0
YDR312W	1	0	0	0	1	0	0	0	0	0	0	0	0	0	1	1	1	0	0	1	2	1	3	1	3	1	1	7	3	16	9	10	26	7	13	31	7	12	25	3	8	3	1	0	2	1	0	0
YGL078C	0	0	0	0	0	1	0	0	0	0	0	0	0	0	0	0	0	0	0	0	0	0	0	0	0	0	0	0	0	0	0	0	0	0	0	0	0	0	0	0	0	0	0	0	0	0	0	0
YDR145W	0	0	0	0	0	0	0	0	0	0	0	0	0	0	1	0	0	0	0	0	0	0	0	0	0	0	1	0	2	0	0	1	1	4	2	0	0	1	5	1	0	0	0	0	0	0	0	0
YFL009W	0	0	0	2	0	0	0	0	0	0	0	0	0	0	1	0	0	0	0	0	2	1	0	0	2	2	2	2	3	3	2	13	9	10	13	8	1	12	3	0	4	1	1	0	0	0	0	0
YNL019C	0	0	0	0	0	0	0	0	0	0	0	0	0	0	0	0	0	0	0	0	0	0	0	0	0	1	0	1	0	0	0	3	1	1	2	2	0	3	2	1	2	0	0	0	0	0	0	0
YOR329C	0	0	0	0	0	0	0	0	0	0	0	0	0	0	0	1	0	0	0	0	0	0	0	0	0	0	0	0	0	0	0	0	0	0	0	0	0	0	0	0	0	0	0	0	0	0	0	0
YCR097W-A	0	0	0	0	0	0	0	0	0	0	0	0	0	0	0	0	0	0	0	0	0	0	0	0	0	0	0	0	0	0	0	0	0	0	0	1	0	0	0	0	3	0	0	0	0	0	0	0
YHR203C	25	22	23	31	51	46	44	68	32	34	75	48	48	75	64	99	86	66	101	117	114	162	176	139	773	277	244	1618	425	1952	1751	2647	4125	2270	4643	4376	1528	4334	3347	1208	2802	639	682	447	175	74	23	119
YHR214C-B	21	40	46	60	57	70	44	66	80	66	69	69	83	90	79	142	75	111	116	145	185	208	248	239	988	357	470	2069	667	3113	2772	3388	6157	3321	5271	7009	2628	5721	5488	2119	3851	1129	1085	589	310	128	47	96
YEL039C	0	0	0	0	0	0	0	0	0	0	0	0	0	0	0	0	0	0	0	0	0	0	0	0	0	0	0	0	0	1	0	1	0	1	1	0	0	2	0	0	0	0	0	0	0	1	0	0
YPL060C-A	0	0	0	0	0	0	0	0	0	0	0	0	0	0	0	0	0	1	1	0	2	0	0	0	0	0	0	4	0	1	3	3	5	0	1	4	1	0	2	1	0	0	0	0	0	1	0	0
YGL062W	1	1	0	0	3	2	2	2	3	0	7	2	0	1	1	3	2	2	4	2	2	7	7	5	20	14	3	28	15	55	50	74	148	60	135	136	42	131	127	30	78	24	11	20	1	4	2	1
YLR461W	0	0	0	0	0	0	0	0	0	0	0	0	0	0	0	0	0	0	0	0	0	0	0	0	0	0	0	0	0	1	0	0	1	2	0	1	0	0	0	0	0	0	0	0	0	0	0	0
YIL082W	0	0	0	0	0	0	0	0	0	0	0	0	0	0	0	0	0	0	0	0	0	0	0	0	0	0	0	1	0	2	2	1	2	0	0	0	0	0	4	0	0	1	0	0	0	0	0	0
YHR214C-D	0	0	0	0	0	0	0	0	0	0	0	0	0	0	0	0	0	0	0	0	0	0	0	0	0	0	0	1	0	0	0	0	0	0	0	0	0	0	0	0	0	0	0	0	0	0	0	0
YNL186W	0	0	0	0	0	0	0	0	0	0	0	0	0	0	0	0	0	0	0	0	0	0	0	0	0	0	0	0	0	0	0	2	0	0	0	0	0	0	0	0	0	0	0	0	0	0	0	0
YAR031W	0	0	0	0	0	0	0	0	0	0	0	0	0	0	0	0	0	0	0	0	0	0	0	0	1	0	0	2	0	5	2	1	5	7	4	3	1	1	1	0	2	3	0	0	1	0	0	0
YDR077W	0	4	10	4	8	2	10	4	14	6	2	14	8	10	8	24	2	8	30	2	18	36	20	14	176	30	22	290	74	292	392	360	563	410	474	480	194	624	398	168	430	86	122	54	8	30	0	6
YPL131W	1	0	0	0	0	0	0	0	0	0	0	0	0	0	0	0	0	0	0	0	0	0	0	0	0	0	0	0	0	0	0	0	0	0	0	0	0	0	0	0	0	0	0	0	0	0	0	0
YIL115C	0	0	0	0	0	0	0	0	0	0	0	0	0	0	0	0	0	0	0	0	0	0	0	0	0	0	2	0	0	4	0	0	8	2	6	4	6	4	4	2	0	0	0	0	0	0	0	0
YPL125W	0	0	0	1	0	0	0	0	0	0	0	0	0	0	0	0	0	0	0	0	0	0	0	0	0	0	0	0	0	0	0	0	0	0	0	0	0	0	0	0	0	0	0	0	0	0	0	0
YBR189W	2	9	5	5	12	8	3	5	7	3	6	10	16	18	8	6	16	17	17	21	12	24	35	25	100	28	41	178	56	301	203	335	586	295	565	578	140	397	356	97	265	51	65	24	9	2	2	3
YHR214C-C	16	30	38	45	48	60	33	49	74	55	50	59	74	73	68	108	68	88	96	118	148	184	202	198	829	303	377	1754	558	2482	2334	2784	5049	2766	4382	5862	2208	4854	4559	1796	3272	963	920	514	253	113	43	85
YHL020C	0	0	0	0	0	0	0	0	0	0	0	0	0	0	1	1	0	0	0	0	0	0	0	0	0	0	0	0	0	2	0	0	0	0	1	0	0	0	0	0	0	0	0	0	0	0	0	0
YIL009W	0	0	0	0	0	0	0	0	0	0	0	0	0	0	0	0	0	0	0	0	0	0	0	0	0	0	0	0	0	0	2	0	3	0	0	0	4	0	1	0	0	4	0	0	0	0	0	0
YDR289C	0	0	0	0	0	0	0	0	0	0	0	0	0	0	0	0	0	0	0	0	0	0	0	0	0	0	0	0	0	1	0	2	0	0	0	0	0	0	1	0	0	0	0	0	0	0	0	0
YNL190W	2	2	0	4	5	0	2	0	2	2	0	0	2	7	0	4	8	8	6	7	0	7	15	12	47	16	0	89	19	60	123	110	70	114	215	110	53	271	59	34	197	10	37	34	2	0	2	2
YNL285W	0	0	0	0	0	0	0	0	0	0	0	0	0	0	0	0	0	0	1	0	0	0	0	0	0	0	0	0	1	0	0	0	2	0	0	0	0	0	0	0	0	0	0	0	0	0	0	0
YPL089C	0	0	0	0	0	0	0	0	0	0	0	0	0	0	0	0	0	0	0	0	0	0	0	0	1	0	0	0	0	0	0	0	0	0	0	0	0	0	0	0	0	0	0	0	0	0	0	0
YJR090C	0	0	0	0	0	0	0	0	0	0	0	0	1	0	0	0	0	0	0	1	0	0	0	0	0	0	0	1	0	0	0	0	0	0	0	0	0	0	0	1	0	0	0	0	0	0	0	0
YGR032W	0	0	0	0	0	0	0	0	0	0	0	0	0	0	0	2	0	0	0	0	0	0	0	0	1	0	0	0	0	1	0	1	0	0	1	0	0	0	0	0	2	0	0	1	0	0	0	0
YGL150C	0	0	0	0	0	0	0	0	0	0	0	0	0	0	0	0	0	1	0	0	0	0	0	0	0	0	0	0	0	0	0	0	0	0	0	0	0	0	0	0	0	0	0	0	0	0	0	0
YJR145C	25	22	23	31	51	46	44	68	32	34	75	48	48	75	64	99	86	66	101	117	114	162	176	139	773	277	244	1618	425	1952	1751	2647	4125	2270	4643	4376	1528	4334	3347	1208	2802	639	682	447	175	74	23	119
YML109W	0	0	0	0	0	0	0	1	0	0	0	0	0	0	0	0	0	0	0	0	0	0	0	0	0	0	0	0	0	0	0	0	0	0	0	0	0	0	0	0	0	0	0	0	0	0	0	0
YLR342W	0	0	0	0	0	0	0	0	0	0	0	0	0	0	0	2	0	0	0	0	0	0	0	0	1	0	0	0	0	1	0	1	0	0	1	0	0	0	0	0	2	0	0	1	0	0	0	0
YML026C	11	4	15	5	15	12	19	10	12	15	19	15	6	41	17	24	27	27	20	21	29	27	57	26	235	76	85	370	102	455	443	631	924	435	809	738	197	628	641	132	412	128	48	42	19	6	0	7
YBL039C	0	0	1	0	0	0	0	0	0	0	0	0	0	0	0	0	0	0	0	0	0	0	0	0	0	0	0	0	0	0	0	0	0	0	0	0	0	0	0	0	0	0	0	0	0	0	0	0
YKL017C	0	0	0	0	0	0	0	0	0	0	1	0	0	0	0	0	0	0	0	0	0	0	0	0	0	0	0	0	0	0	0	0	0	0	0	0	0	0	0	0	0	0	0	0	0	0	0	0
YGL014W	0	0	0	0	0	0	0	0	0	0	0	0	0	0	0	0	0	0	0	0	0	0	0	0	0	0	0	1	0	0	0	0	0	0	0	0	1	0	0	0	0	0	0	0	0	0	0	0
YGR027C	5	5	2	5	3	3	7	0	1	4	5	0	1	7	1	4	5	0	5	2	1	13	2	0	8	9	1	22	0	14	12	18	43	24	43	37	27	27	27	0	30	9	0	2	0	0	0	0
YOR396W	0	6	1	1	2	0	1	0	1	2	0	0	0	7	0	0	2	3	10	3	7	8	14	12	18	10	4	42	14	56	56	101	112	88	143	138	47	129	101	36	86	17	19	10	1	0	1	1
YDR034C-A	0	0	0	0	0	0	0	0	0	0	0	0	0	0	0	1	0	0	0	0	0	0	0	0	0	0	0	0	0	0	1	0	0	0	0	0	1	0	0	0	0	0	0	0	0	0	0	0
YOL106W	0	0	0	0	0	0	0	0	0	0	0	0	0	0	0	0	0	0	0	0	1	0	1	0	0	0	0	0	0	0	0	0	0	0	0	0	0	0	0	0	0	0	0	0	0	0	0	0
YHR180W-A	0	0	0	0	0	0	0	0	1	0	0	5	0	3	0	1	0	0	0	5	1	0	12	0	1	8	2	0	151	0	1	293	0	5	25	0	0	3	0	0	0	0	0	0	0	0	0	0
YER177W	1	1	3	0	1	1	4	2	1	1	3	0	0	2	1	1	5	4	0	1	5	1	6	6	10	6	2	25	6	19	18	21	25	25	41	28	4	11	10	4	11	1	0	4	0	0	0	0
YDR500C	1	2	5	1	0	4	0	8	8	2	10	4	2	12	7	0	6	2	6	1	3	5	3	6	40	14	13	88	19	147	108	80	230	138	188	254	78	156	245	38	96	53	36	3	8	6	1	5
YMR246W	0	0	0	0	0	0	0	0	0	0	0	0	0	0	0	0	0	0	0	0	0	0	0	0	0	0	0	0	0	0	2	0	3	0	0	1	4	0	1	0	0	4	0	0	0	0	0	0
YGL081W	0	0	0	0	0	0	0	0	0	0	0	0	0	0	0	0	0	1	0	0	1	0	0	0	0	0	0	0	0	0	0	0	0	0	0	0	0	0	0	0	0	0	0	0	0	0	0	0
YBR031W	29	32	31	37	55	42	55	71	64	76	94	73	80	113	59	153	97	116	133	152	142	213	303	213	1370	343	327	2318	598	3124	3036	3892	5818	3885	6590	6734	2235	6509	5422	1509	4812	932	1111	502	157	115	22	49
YLR448W	1	4	2	7	3	1	4	1	4	5	0	2	1	6	3	10	9	10	8	4	6	7	23	15	52	22	14	107	33	108	126	177	173	140	243	234	110	210	106	82	114	38	28	5	7	1	0	2
YGR103W	0	0	1	0	0	1	0	0	0	0	0	0	0	0	0	0	0	0	0	0	0	0	0	0	0	0	0	0	0	0	0	0	0	0	0	0	0	0	0	0	0	0	0	0	0	0	0	0
YLR037C	0	0	0	0	0	0	0	0	0	0	0	0	0	0	0	0	0	0	0	0	0	0	0	0	0	0	0	0	0	1	0	0	0	0	0	0	0	1	0	1	0	0	0	0	0	0	0	0
YLR157C	0	0	0	0	0	0	0	0	0	0	0	0	0	0	0	0	0	0	0	0	0	2	0	0	0	0	0	4	0	2	4	2	4	7	4	5	3	7	2	0	3	0	0	0	2	0	0	0
YBR009C	9	3	1	4	8	6	3	5	9	12	12	5	13	12	6	27	16	8	18	16	16	29	31	35	145	26	52	304	50	316	338	288	643	297	538	530	202	420	338	136	319	59	74	26	7	4	0	3
YLR167W	7	8	25	21	18	16	14	22	19	7	17	20	18	38	11	38	12	11	19	12	34	19	37	30	172	58	37	386	76	427	262	442	918	395	478	785	173	497	667	160	393	59	144	71	5	11	2	0
YLR293C	0	1	0	0	1	0	0	0	0	0	0	0	0	0	1	0	0	0	0	0	0	0	0	0	5	0	0	15	1	0	7	0	9	3	0	0	1	0	0	0	0	0	0	0	0	0	0	0
YHR106W	0	0	0	0	0	0	0	0	0	0	0	0	0	0	0	0	0	0	0	0	0	0	0	0	0	0	0	0	0	1	0	0	1	0	0	0	0	0	0	0	0	0	0	0	0	0	0	0
YOR372C	0	0	0	0	0	0	0	0	0	0	0	0	0	2	0	0	0	0	0	0	0	0	0	0	0	0	0	0	4	0	0	0	1	0	3	2	2	0	1	0	0	1	0	0	0	1	0	0
YDR432W	0	0	0	0	0	0	0	0	0	0	0	0	0	0	0	0	0	0	0	0	0	0	0	0	0	0	0	0	0	0	0	0	0	0	0	0	0	0	2	0	0	0	0	0	0	0	0	0
YIL082W-A	0	0	0	0	0	0	0	0	0	0	0	0	0	0	0	0	0	0	0	0	0	0	0	0	0	0	0	3	0	5	2	2	4	1	6	4	3	1	9	0	1	4	1	0	0	0	0	0
YJR159W	0	0	0	0	0	0	0	0	0	0	0	0	0	0	0	0	0	0	0	0	0	1	0	0	0	0	0	0	1	0	2	0	0	2	3	3	3	0	6	0	3	0	1	0	0	0	0	0
YLR388W	1	2	2	0	1	6	1	1	0	2	4	1	1	4	1	1	1	1	2	2	0	0	7	0	11	10	0	24	2	25	1	26	78	0	46	44	2	4	13	0	0	1	0	0	0	0	0	0
YPL220W	24	24	20	24	47	26	33	41	33	44	72	42	56	89	39	86	80	82	100	121	102	153	268	131	876	296	211	1327	445	1707	1786	2953	3012	2248	5409	4083	1193	5672	3029	951	4195	474	525	473	110	43	23	34
YDR445C	8	1	58	61	21	62	347	25	65	39	10	19	5	2	11	30	2	7	4	7	9	7	10	7	13	3	6	38	10	11	204	319	19	1854	167	23	683	27	46	79	24	25	16	19	49	1	30	13
YJL191W	8	0	6	8	4	5	10	9	10	9	4	8	21	11	4	16	19	8	20	15	16	23	32	26	146	47	39	258	49	261	303	447	395	326	695	486	146	579	349	105	321	26	48	47	5	5	3	1
YLR055C	0	0	0	0	0	0	0	0	0	0	0	0	0	0	0	0	0	0	0	0	0	0	0	0	0	0	0	1	0	1	0	0	0	0	0	0	0	0	0	0	0	0	0	0	0	0	0	0
YJL162C	0	0	2	0	0	0	0	0	0	0	0	0	0	0	0	0	0	0	0	0	0	0	0	2	0	0	0	0	0	0	0	0	0	0	0	0	0	0	0	0	0	0	0	0	0	0	0	0
YLR260W	0	0	0	0	0	0	0	0	0	0	0	0	0	0	0	0	0	0	0	0	0	0	0	0	0	0	0	0	0	0	4	0	0	0	0	0	0	0	0	0	0	0	0	0	0	0	0	0
YFL020C	0	0	0	0	0	0	0	0	0	0	0	0	0	0	0	0	0	0	0	0	0	0	0	0	0	0	0	0	0	0	1	0	1	0	1	1	0	0	0	0	0	0	0	0	0	0	0	0
YNR076W	0	0	0	0	0	0	0	0	0	0	0	0	0	0	0	0	0	0	0	0	0	0	0	0	0	0	0	0	0	1	1	0	1	2	0	1	1	0	0	0	0	0	0	0	0	0	0	0
YFR016C	0	0	0	0	0	0	0	0	0	0	0	0	0	2	0	0	0	0	0	6	0	0	0	0	0	0	2	2	0	3	0	2	0	2	3	2	0	6	2	0	0	0	2	0	0	0	0	0
YDR545W	0	6	1	1	2	0	1	0	1	2	0	0	0	7	0	0	2	3	10	3	7	8	14	12	18	10	4	42	14	56	56	100	112	89	145	137	45	129	101	36	86	17	19	10	1	0	1	1
YKL164C	9	15	11	12	12	9	12	7	5	18	17	22	14	11	4	37	19	10	9	7	25	32	31	34	185	54	63	224	105	552	206	556	971	391	827	1064	325	841	739	282	615	127	189	72	14	4	2	17
YIR043C	0	0	0	0	0	0	0	0	0	0	1	0	0	0	0	0	0	0	0	0	0	2	0	0	1	2	1	6	6	1	14	4	20	6	25	32	5	32	9	8	13	2	1	0	0	0	0	0
YHL033C	9	6	6	23	13	16	19	24	8	17	14	23	34	31	14	43	27	19	37	35	25	41	59	35	298	79	59	586	119	493	639	873	840	737	1416	1053	480	1539	733	316	945	158	154	150	41	15	5	26
YDL081C	1	1	0	0	1	2	0	14	1	0	1	0	0	1	1	2	4	0	4	0	0	0	0	0	0	0	0	0	0	4	0	0	0	0	0	1	0	0	0	0	0	0	0	0	0	0	0	0
YDR155C	1	0	1	0	0	0	0	0	0	1	2	0	0	0	0	0	0	0	0	0	1	0	0	0	0	0	0	0	0	0	0	0	4	0	0	8	0	0	3	0	0	0	0	0	0	0	0	0
YNL268W	0	0	0	0	0	0	0	0	0	0	0	0	0	0	0	0	0	0	0	0	1	0	0	0	0	0	0	0	0	0	0	0	0	0	3	1	0	2	0	0	0	0	0	0	0	0	0	0
YKL032C	0	0	1	0	0	0	0	0	0	0	0	0	0	0	0	0	0	0	0	0	0	0	0	2	0	0	1	0	0	0	0	1	0	0	2	0	0	0	0	0	0	0	0	0	0	0	0	0
YGL013C	0	0	0	0	0	0	0	0	0	0	0	0	0	0	0	0	0	0	0	1	0	0	0	0	0	0	0	0	0	0	0	0	0	0	0	0	0	0	0	0	0	0	0	0	0	0	0	0
YLL043W	0	0	0	0	0	0	0	0	0	0	0	0	0	0	0	0	0	0	0	0	0	0	0	0	0	0	0	0	0	0	0	0	1	0	0	0	0	0	0	0	0	0	0	0	0	0	0	0
YPL009C	0	0	0	0	2	0	0	0	0	0	0	0	0	0	0	0	0	1	0	0	1	0	0	0	0	0	7	0	0	19	0	0	0	0	1	0	0	0	16	0	0	1	5	0	0	0	0	0
YKL163W	4	0	1	3	2	5	0	2	3	3	0	2	4	2	4	6	3	2	1	3	2	4	2	5	22	7	18	57	14	102	45	76	249	96	152	405	76	229	246	66	141	38	39	23	7	4	2	4
YBR301W	0	0	0	0	0	0	0	0	0	0	0	0	0	0	0	0	0	0	0	0	0	0	0	0	0	0	0	0	0	1	4	0	0	2	0	0	0	0	0	0	1	0	0	0	0	0	0	0
YBR084C-A	5	4	2	9	10	17	7	11	10	12	14	24	13	13	14	21	23	31	33	28	36	47	35	48	290	50	65	510	71	722	446	640	1069	509	756	1123	277	717	717	186	323	115	90	32	12	0	1	4
YJL221C	0	0	0	0	0	0	0	0	0	0	0	0	0	0	0	0	0	0	0	0	0	1	1	0	1	0	1	0	0	6	0	3	3	0	5	1	0	5	1	0	6	0	0	0	0	0	0	0
YFL059W	0	0	0	0	0	0	0	0	0	0	0	0	0	0	0	1	0	0	0	0	0	0	0	0	1	1	0	3	1	8	1	4	8	3	9	16	2	5	4	2	2	0	1	0	0	0	0	0
YNL335W	0	0	0	0	0	0	0	0	0	0	0	0	0	0	0	0	0	0	0	0	0	0	0	0	0	0	0	0	0	0	0	0	0	0	1	0	1	0	0	0	0	0	0	0	0	0	0	0
YOR096W	3	0	3	1	10	3	1	6	4	5	8	5	5	10	9	7	6	14	21	5	15	9	11	14	98	29	32	133	27	235	153	97	495	178	234	401	154	189	276	104	112	28	33	13	6	9	0	1
YKL180W	3	3	8	9	6	2	4	9	4	9	9	10	12	14	5	14	10	6	14	15	15	20	24	16	74	32	31	128	52	277	98	235	370	153	287	434	85	246	238	35	129	20	17	11	4	0	0	0
YOR312C	2	7	15	14	9	8	15	14	4	7	16	16	18	25	10	40	16	14	25	15	33	31	35	22	238	60	62	332	86	454	409	584	751	503	664	721	311	727	727	237	650	218	152	51	30	9	5	4
YDR343C	2	2	0	1	1	2	1	1	1	5	1	0	1	2	0	3	1	2	3	1	2	9	5	2	22	6	3	46	8	37	36	48	94	53	106	101	44	94	49	28	49	19	16	11	1	1	0	2
YJL214W	0	0	0	0	0	0	0	0	0	0	0	0	0	1	0	0	0	0	0	0	0	0	0	0	0	0	0	0	0	0	0	0	0	0	0	0	0	0	0	0	0	0	0	0	0	0	0	0
YIL105C	0	0	0	0	0	0	0	0	0	0	0	0	0	0	0	0	0	0	0	0	0	0	0	0	0	0	1	0	1	0	0	1	1	0	2	0	0	1	8	1	0	0	0	0	0	0	0	0
YKL162C-A	0	0	0	0	0	0	0	0	0	1	0	0	0	0	0	0	0	0	0	0	0	0	0	0	0	0	0	0	0	0	0	1	0	0	0	0	0	0	0	0	0	0	0	0	0	0	0	0
YGR292W	0	0	0	0	0	0	0	0	0	0	0	0	0	0	0	0	0	0	0	0	0	0	0	0	1	0	0	0	2	0	4	0	4	2	0	2	0	1	1	2	0	0	0	0	0	0	0	0
YOL105C	0	0	0	0	0	0	0	0	0	0	0	0	2	0	0	0	0	0	0	0	0	0	0	0	0	0	0	0	0	0	5	0	0	0	0	0	0	0	0	0	0	0	0	0	0	0	0	0
YMR142C	4	5	7	5	16	12	15	13	8	9	15	13	14	16	6	17	14	6	19	14	20	29	43	38	148	37	33	260	45	420	222	366	652	360	556	508	182	540	450	123	447	75	79	34	10	6	3	0
YBR212W	0	0	0	0	0	0	0	3	0	0	0	0	0	0	0	0	0	0	0	0	0	0	0	0	0	1	0	0	0	0	0	0	1	0	0	0	0	2	0	0	0	1	0	0	0	0	0	0
YDR150W	0	0	0	0	0	0	0	0	0	0	6	0	0	0	0	12	0	0	0	0	0	12	4	4	24	4	11	96	25	116	11	120	192	71	218	147	80	142	198	20	155	31	24	33	4	0	5	0
YDL182W	3	4	1	2	2	4	7	4	4	5	5	5	8	4	7	11	3	6	16	12	8	10	13	18	108	13	22	178	37	218	173	253	320	245	350	406	123	407	340	77	276	67	30	39	9	7	0	1
YGR085C	16	9	8	13	24	15	21	29	25	19	28	24	35	54	17	65	46	33	65	57	50	108	114	86	612	140	141	1211	247	1156	1367	1571	1902	1302	2539	2218	702	2530	1707	455	1553	366	212	223	55	24	5	10
YJR148W	0	0	0	0	0	0	0	0	0	0	0	0	0	0	1	0	0	0	0	0	0	0	0	0	0	0	0	0	0	0	0	0	0	0	0	0	0	0	0	0	0	0	0	0	0	0	0	0
YIL169C	0	0	0	0	0	0	0	0	0	0	1	0	0	0	0	0	1	0	0	0	0	0	0	1	1	1	0	3	1	0	3	9	10	15	5	21	0	7	10	7	9	3	2	1	3	0	0	0
YDR225W	2	2	9	3	3	4	3	2	5	3	6	7	3	9	3	7	11	6	5	6	3	4	8	16	79	4	22	95	10	182	80	96	223	168	143	245	63	109	253	58	109	37	29	26	2	1	3	3
YML034W	0	0	0	0	0	0	0	0	0	0	0	0	0	0	0	0	0	0	0	0	0	0	0	0	0	0	0	0	0	2	0	4	0	0	1	0	0	1	1	0	0	0	0	3	1	0	0	0
YMR011W	0	0	0	0	1	0	0	0	0	0	0	0	0	0	0	0	0	0	0	0	0	0	0	0	1	0	0	1	0	0	0	3	0	0	1	4	0	2	1	0	1	1	0	0	0	0	0	0
YIR039C	0	0	0	0	0	0	0	0	0	0	0	0	0	0	0	0	0	0	0	0	0	0	0	0	0	0	0	0	0	0	0	0	0	0	0	0	0	1	2	0	1	0	0	0	0	0	0	0
YGR014W	0	0	0	0	0	0	0	0	0	0	0	0	0	0	0	0	0	0	0	0	0	0	0	0	0	0	0	3	0	3	0	3	13	3	10	8	4	3	2	8	2	8	0	0	4	0	0	0
YMR273C	0	0	0	0	0	0	0	0	0	0	0	0	0	2	0	0	0	0	0	0	0	0	0	0	0	0	0	0	0	0	0	0	0	0	0	0	0	0	0	0	0	0	0	0	0	0	0	0
YGL135W	24	24	20	24	47	26	33	41	33	44	72	42	56	89	39	86	80	82	100	121	102	153	268	131	876	296	211	1327	445	1707	1786	2953	3012	2248	5409	4083	1193	5672	3029	951	4195	474	525	473	110	43	23	34
YAL019W	0	0	0	0	0	0	0	1	0	0	0	0	0	0	0	0	0	0	0	0	0	0	0	0	0	0	0	0	0	0	0	0	0	0	0	0	0	0	0	0	0	0	0	0	0	0	0	0
YOL155C	0	0	0	0	0	0	0	0	0	0	0	1	0	0	0	0	1	0	0	1	0	1	0	1	5	4	1	9	1	5	11	11	15	5	14	4	0	14	9	12	31	2	2	1	0	0	0	0
YHR219W	0	5	0	1	0	0	0	0	0	1	0	0	0	2	0	0	1	2	3	0	1	1	3	1	1	1	2	5	4	11	11	20	23	29	33	21	10	13	18	11	12	5	3	1	1	0	0	0
YDL191W	16	13	12	10	19	21	14	28	18	19	29	18	34	44	27	26	46	38	50	39	45	106	90	59	455	135	87	903	233	882	1035	1247	1540	1246	2230	1683	828	2245	1168	657	1231	272	254	134	31	32	1	24
YJL123C	0	0	0	0	1	0	0	0	0	0	0	0	0	0	0	0	0	0	0	0	0	0	0	0	0	0	0	0	0	2	0	0	0	0	0	0	0	0	0	0	0	0	0	0	0	0	0	0
YHR066W	1	0	0	0	1	0	0	0	0	0	0	0	0	0	1	1	1	0	0	1	2	1	3	1	3	1	1	7	3	16	9	10	26	7	13	31	7	12	25	3	8	3	1	0	2	1	0	0
YER060W	0	0	0	0	0	0	0	0	0	0	0	0	0	0	0	0	0	0	0	0	0	0	0	0	0	0	0	0	0	0	0	0	1	0	1	1	0	0	1	0	0	0	0	0	0	0	0	0
YAL065C	0	0	0	0	0	0	0	0	0	0	0	0	0	0	0	0	0	0	0	0	0	0	0	0	0	0	0	1	0	0	0	0	0	1	0	0	0	0	0	0	0	0	0	0	0	0	0	0
YOR010C	0	0	0	0	0	0	0	0	0	0	0	0	0	0	0	0	0	0	0	0	0	0	0	3	2	0	0	3	0	4	2	1	3	8	11	2	2	2	4	0	5	1	1	5	0	2	0	0
YLR287C-A	6	4	1	7	6	1	5	1	2	8	10	2	8	1	6	12	7	6	20	5	14	23	16	12	107	26	31	229	33	206	292	171	317	270	312	399	133	378	205	152	175	56	73	18	4	5	3	0
YMR164C	0	0	0	0	0	1	0	0	0	0	2	1	0	0	4	0	0	0	0	0	0	0	0	1	0	0	0	0	0	9	0	6	7	0	5	8	0	0	16	0	0	3	0	1	0	0	2	0
YOR388C	0	0	0	0	0	0	0	0	0	0	0	0	0	0	0	0	0	0	0	0	0	0	0	0	0	0	0	0	0	0	0	0	0	0	0	0	0	1	0	0	0	0	0	0	0	0	0	0
YCR104W	0	0	0	0	0	0	0	0	0	0	0	0	0	0	0	0	0	0	0	0	0	0	0	0	0	0	0	0	0	1	0	0	0	1	0	0	1	0	0	0	0	0	0	0	0	0	0	0
YDR040C	0	0	0	0	1	0	1	0	1	1	2	1	0	0	0	1	0	0	0	2	1	3	2	2	9	1	5	19	10	30	30	39	69	38	59	69	18	72	62	18	45	11	4	4	0	0	0	0
YMR030W-A	0	0	0	0	0	1	0	0	0	0	0	0	0	0	0	0	0	0	0	0	0	0	0	0	0	0	0	0	0	0	0	0	0	0	0	0	0	0	0	0	0	0	0	0	0	0	0	0
YPL048W	1	0	0	1	0	0	0	3	0	0	4	0	0	2	0	0	2	0	0	0	1	1	1	1	3	2	0	9	0	4	1	5	13	4	42	5	23	2	23	6	5	2	4	0	0	1	0	0
YLL064C	0	0	0	0	0	0	0	0	0	0	0	0	0	0	0	0	0	0	0	0	0	0	0	0	0	0	0	0	0	1	1	0	1	2	0	1	1	0	0	0	0	0	0	0	0	0	0	0
YBR021W	0	1	0	0	0	0	0	0	0	0	0	0	0	0	0	0	0	0	0	0	0	0	0	0	0	0	0	0	0	0	0	0	0	0	0	0	0	0	0	0	0	0	0	0	0	0	0	0
YHR047C	0	0	0	0	0	2	0	0	0	0	0	0	0	0	0	0	0	0	0	0	0	0	0	0	0	0	0	0	0	0	0	0	0	0	0	0	0	0	0	0	0	0	0	0	0	0	0	0
YNL104C	0	0	1	0	0	1	0	0	0	2	0	1	0	0	0	0	0	0	2	0	1	0	0	5	2	0	0	6	1	11	8	8	17	7	10	15	4	4	7	6	4	0	0	1	0	0	0	0
YLR180W	3	0	2	0	1	1	1	6	4	1	5	1	1	1	2	2	0	0	2	1	1	5	3	1	19	5	4	52	15	46	42	40	94	46	85	77	31	70	86	11	75	16	11	11	2	0	2	1
YPL190C	0	0	0	0	0	1	0	1	0	0	0	0	0	1	2	0	4	0	0	0	0	0	0	1	0	0	2	0	0	11	0	6	7	0	4	7	0	1	17	0	0	3	0	1	0	0	2	1
YMR242C	2	7	15	14	9	8	15	14	4	7	16	16	18	25	10	40	16	14	25	15	33	31	35	22	238	60	62	332	86	454	409	584	751	503	664	721	311	727	727	237	650	218	152	51	30	9	5	4
YNL112W	0	0	1	0	0	1	1	0	0	0	0	0	0	0	0	0	0	0	0	0	0	0	0	0	0	0	0	0	0	0	0	0	0	0	0	0	0	0	1	0	0	0	0	0	0	0	0	0
YIR023W	0	0	0	0	0	0	0	0	0	0	0	0	0	0	1	0	0	0	0	0	0	0	0	1	0	0	0	0	0	0	0	0	0	0	0	0	0	0	0	0	0	0	0	0	0	0	0	0
YMR232W	0	1	0	0	0	0	0	0	0	0	0	0	0	0	0	0	0	0	0	0	0	0	0	0	0	0	0	0	0	0	0	0	0	0	0	0	0	0	0	0	0	0	0	0	0	0	0	0
YGR143W	0	0	0	0	0	0	0	0	0	0	0	0	0	0	0	0	0	0	0	0	0	0	0	0	0	0	0	0	0	0	0	0	1	0	0	0	0	0	0	0	0	0	0	0	0	0	0	0
YAR050W	0	0	0	0	0	0	0	0	0	0	0	0	0	0	0	0	0	0	0	0	0	0	0	0	0	0	0	1	0	0	1	0	2	0	0	2	4	1	2	1	3	0	0	0	0	0	0	0
YOR267C	0	0	0	0	0	0	0	0	0	0	0	0	0	6	0	0	0	0	0	0	0	0	0	0	0	0	0	0	16	0	0	0	0	0	10	0	9	0	10	0	0	10	0	0	0	9	9	0
YLR095C	0	0	0	0	0	0	0	0	0	0	0	0	0	0	2	0	0	0	0	0	0	0	0	0	0	0	0	0	1	0	0	0	1	4	0	0	0	1	0	0	0	0	0	0	0	0	0	0
YHR044C	0	0	0	0	0	0	0	0	0	0	0	0	0	0	0	0	0	1	0	0	0	1	0	1	4	0	2	5	0	5	13	16	9	6	5	15	5	12	9	2	6	1	3	0	0	0	0	0
YHR056C	0	0	1	1	0	0	0	3	3	0	0	1	1	1	0	4	2	0	0	1	0	1	1	0	3	0	1	4	2	7	18	19	22	8	33	32	12	30	25	10	26	7	2	1	2	1	0	0
YER111C	0	0	0	0	0	1	0	0	0	0	0	0	0	0	1	0	0	0	0	0	0	0	0	0	0	0	0	0	0	0	0	0	0	0	0	0	0	0	0	0	0	0	0	0	0	0	0	0
YPL158C	0	0	0	0	0	0	0	0	0	0	0	0	0	0	0	0	0	0	0	0	0	0	0	0	0	0	0	0	0	1	0	0	3	0	0	0	0	0	0	0	0	0	0	0	0	0	0	0
YKR094C	7	9	31	27	21	25	17	32	40	13	21	27	23	38	21	39	24	21	40	26	39	48	65	63	333	111	125	794	172	730	744	896	1610	1023	1326	2285	679	1488	1269	398	733	174	286	110	33	30	6	5
YBL081W	0	0	0	0	0	0	0	0	0	0	0	0	0	0	0	0	0	0	0	0	0	0	0	0	1	2	0	0	0	0	2	1	0	1	3	0	4	3	0	1	0	0	0	0	1	0	1	0
YOL039W	2	2	3	2	8	8	3	21	1	4	8	4	5	16	8	5	6	1	3	12	4	4	19	16	43	31	14	139	27	141	95	224	376	106	313	221	39	180	213	11	140	48	4	22	0	0	0	1
YHR214W	0	0	0	0	0	1	0	1	0	2	0	1	0	5	0	0	0	0	0	0	0	1	1	0	1	0	2	10	1	8	13	9	11	10	21	21	2	18	17	7	18	5	2	2	0	0	0	0
YLR264W	0	0	3	1	1	1	0	0	0	2	0	3	3	0	1	1	0	0	1	1	4	5	5	2	17	5	3	34	2	94	45	11	97	37	11	19	31	8	12	4	6	2	19	0	0	0	0	0
YLR216C	1	0	0	0	0	0	0	0	0	1	0	0	0	0	0	0	0	0	0	0	0	0	0	0	0	0	0	0	0	0	0	0	0	0	0	0	0	0	0	0	0	0	0	0	0	0	0	0
YNL298W	0	0	0	0	0	0	0	2	0	0	0	0	0	0	0	0	0	0	0	0	0	0	0	0	0	0	0	0	0	0	0	0	0	0	0	0	0	0	0	0	0	0	0	0	0	0	0	0
YDR420W	0	0	0	0	0	0	0	0	0	0	0	0	0	0	0	0	0	0	0	0	0	0	0	0	8	0	0	0	0	13	2	4	3	9	0	16	8	30	15	3	0	3	8	40	0	0	0	0
YLR286C	0	0	0	10	0	0	0	0	0	0	0	0	0	0	2	0	0	0	0	0	0	0	0	0	0	0	0	0	0	0	0	0	0	0	0	0	0	0	0	0	0	0	0	0	0	0	0	0
YNL016W	0	0	1	0	0	0	0	0	0	0	0	0	0	2	0	0	0	1	0	0	1	0	0	3	0	4	0	0	3	5	1	0	11	1	0	7	1	1	1	1	0	1	0	0	0	0	0	0
YML113W	0	0	0	0	0	0	0	0	0	0	0	0	0	0	0	0	0	0	0	0	0	0	0	0	0	0	0	0	0	0	0	1	0	1	0	0	1	0	0	0	0	0	0	0	0	0	0	0
YDR436W	0	0	0	0	1	0	0	0	0	0	0	0	0	0	0	0	0	0	0	0	0	0	0	0	0	0	0	0	0	0	0	0	0	0	0	0	0	0	0	0	0	0	0	0	0	0	0	0
YOL052C-A	0	0	0	0	0	0	0	0	0	0	0	0	0	0	0	0	0	0	0	0	0	0	0	1	0	0	0	0	0	0	0	0	0	0	0	0	0	0	0	0	0	0	0	0	0	0	0	0
YLR330W	0	0	0	0	0	0	0	0	0	0	0	0	0	0	0	0	0	0	0	4	0	0	3	0	3	0	0	9	3	0	0	3	0	0	0	2	3	9	9	6	3	0	0	0	0	0	0	0
YOL157C	0	0	0	0	0	0	0	0	0	0	0	0	0	0	0	0	0	0	0	0	0	1	0	0	1	0	1	0	0	6	0	3	3	0	5	1	0	5	1	0	4	0	0	0	0	0	0	0
YOR310C	0	0	0	0	0	0	0	0	0	1	0	0	0	0	0	2	0	0	0	0	0	0	0	0	0	1	0	3	1	0	0	0	1	0	1	0	0	0	0	0	0	0	0	0	0	0	0	0
YHL009W-B	0	0	0	0	0	0	0	0	0	0	0	0	0	0	0	0	0	1	1	0	2	0	0	0	0	0	0	4	0	1	3	3	5	0	1	4	1	0	2	1	0	0	0	0	0	1	0	0
YHL009W-A	0	0	0	0	0	0	0	0	0	0	0	0	0	0	0	0	0	1	0	0	0	0	0	0	0	0	0	4	0	0	2	0	2	0	1	3	0	0	2	0	0	0	0	0	0	1	0	0
YJR160C	0	0	0	0	0	0	0	0	0	0	0	0	0	0	0	0	0	0	0	0	0	0	0	0	0	0	0	0	0	0	3	0	0	0	1	1	0	0	0	0	0	0	0	0	0	0	0	0
YPR159W	0	0	0	0	0	0	0	0	0	0	0	0	0	0	0	0	0	0	0	0	0	0	0	0	0	0	0	0	0	0	0	0	1	0	0	0	0	0	0	0	0	0	0	0	0	0	0	0
YPR148C	0	0	0	0	0	0	0	0	0	0	0	0	0	0	0	0	0	0	0	0	0	0	0	0	0	0	0	0	0	1	0	0	1	0	0	0	0	0	0	0	0	0	0	0	0	0	0	0
YMR303C	22	31	36	26	62	35	38	83	37	47	89	48	56	112	84	101	123	65	107	105	110	143	229	186	1026	337	278	1593	477	2486	2104	2915	4410	2017	5005	4619	1047	5191	3767	695	3214	615	389	590	86	29	57	43
YIL123W	0	0	0	0	0	0	1	0	0	0	0	0	0	0	0	0	0	0	3	0	0	0	0	0	0	0	0	0	0	0	0	0	0	0	0	0	0	0	0	1	0	0	0	0	0	0	0	0
YLR435W	0	0	0	0	0	0	0	1	0	0	0	0	0	0	0	0	0	0	0	0	0	0	0	0	0	0	0	0	0	0	0	0	0	0	0	0	0	0	0	0	0	0	0	0	0	0	0	0
YAR066W	0	0	0	0	0	1	0	1	0	2	0	1	0	5	0	0	0	0	0	0	0	1	1	0	1	0	2	10	1	8	13	9	11	10	21	21	2	18	17	7	18	5	2	2	0	0	0	0
YKL157W	0	0	0	0	0	2	0	0	0	0	0	0	0	0	0	0	0	0	0	0	0	0	0	0	0	0	0	0	0	0	0	0	0	0	0	0	0	0	0	0	0	0	0	0	0	0	0	0
YAL005C	54	53	68	51	145	110	111	172	95	91	190	152	159	281	109	269	275	201	312	342	364	418	599	385	2567	720	632	4612	1217	6128	5859	8362	10482	7781	13667	11518	4390	14273	9959	3369	10115	1626	1809	1221	192	160	73	84
YML053C	0	0	0	0	0	0	0	0	0	0	0	0	0	0	0	0	0	0	0	0	0	0	0	0	0	0	0	0	0	0	0	0	0	0	1	0	0	0	0	0	0	0	0	0	0	0	0	0
YMR186W	22	5	19	16	36	20	23	30	13	14	31	22	32	30	28	58	50	36	53	53	61	71	82	96	351	129	100	585	148	910	667	1053	1495	855	1931	1287	614	1611	1164	376	1248	263	236	227	27	30	13	6
YNL331C	0	0	0	0	0	0	0	0	0	0	0	0	0	0	0	0	0	0	0	0	0	0	0	0	0	0	0	0	0	0	0	0	1	1	0	0	4	0	1	0	0	0	0	0	0	0	0	0
YPL083C	0	0	0	0	0	0	0	0	0	0	0	0	0	0	0	0	0	0	0	0	0	0	0	0	0	0	1	0	0	0	0	0	0	0	0	0	0	0	0	0	0	0	0	0	0	0	0	0
YDL099W	0	0	0	0	0	0	0	0	0	0	0	0	0	0	0	1	0	0	0	0	0	0	0	0	0	0	0	0	0	0	0	0	0	0	0	0	0	0	0	0	0	0	0	0	0	0	0	0
YML132W	0	0	0	0	0	2	0	0	0	1	1	0	3	1	1	1	0	0	0	0	1	5	4	9	15	3	7	23	14	34	40	36	95	31	78	118	38	112	51	28	49	23	6	9	8	1	1	1
YDR304C	0	0	1	0	0	0	0	0	0	0	2	0	0	0	0	0	0	0	0	0	1	0	0	0	0	0	0	0	0	0	0	0	4	0	0	8	0	0	3	0	0	0	0	0	0	0	0	0
YNL149C	3	0	0	0	0	0	0	0	0	0	0	0	0	0	0	0	0	0	0	0	0	0	0	0	0	0	0	0	0	0	0	0	0	0	0	0	0	0	0	0	0	0	0	0	0	0	0	0
YJR156C	0	0	0	0	0	0	0	0	0	0	0	0	0	0	2	0	0	0	0	0	0	0	0	3	0	0	1	1	3	1	0	2	4	3	0	0	2	3	0	1	0	0	0	0	0	0	0	0
YLR185W	1	2	5	1	0	4	0	8	8	2	10	4	2	12	7	0	6	2	6	1	3	5	3	6	40	14	13	89	19	146	106	80	232	138	188	254	78	156	245	38	96	53	36	3	8	6	1	5
YCR107W	0	0	0	0	0	0	0	0	0	0	0	0	0	0	0	0	0	0	0	0	0	0	0	0	0	0	0	0	0	0	0	0	0	0	0	0	0	0	1	0	0	0	0	0	0	0	0	0
YKR072C	0	0	0	0	0	0	0	0	0	0	0	0	0	0	0	0	0	0	0	0	0	0	0	0	0	0	0	0	0	0	0	8	3	0	15	4	0	10	8	0	1	0	0	0	0	0	0	0
YDL014W	0	0	0	0	0	0	0	2	2	0	0	2	2	0	6	4	6	2	6	0	8	10	8	6	26	2	2	62	2	44	40	34	162	62	72	59	28	14	62	4	20	0	4	0	2	0	0	0
YDR073W	0	0	0	0	0	0	0	0	0	0	0	0	0	0	0	0	0	0	0	0	0	0	0	0	0	0	0	0	0	0	0	0	0	0	0	0	0	2	0	0	6	0	0	0	0	0	0	0
YJL020C	0	0	0	1	0	0	0	0	0	0	0	0	0	0	0	0	0	2	0	0	0	0	0	0	0	0	0	4	0	4	4	0	0	8	8	0	0	0	16	0	0	2	2	0	0	0	0	0
YPR043W	0	0	1	3	3	0	3	2	4	1	0	1	0	0	2	3	4	2	3	1	5	15	1	7	24	3	10	24	8	61	33	49	88	43	82	110	42	49	48	28	19	1	14	0	1	0	0	0
YHR054W-A	0	0	0	0	0	0	0	0	0	0	0	0	0	1	0	0	0	0	3	0	0	0	1	0	2	0	0	2	0	1	0	3	3	1	7	1	2	3	0	1	0	1	1	0	0	0	0	0
YNL042W-B	34	7	1676	12	4	5909	51	17	2896	130	6	299	61	10	134	19	10	22	51	5	28	22	16	78	56	38	59	68	20	356	17	43	1122	18	166	508	36	72	289	30	162	343	121	259	54	163	24	27
YPL283C	1	6	1	1	5	1	1	0	1	2	0	0	1	7	0	0	2	4	10	6	5	8	15	13	26	12	4	50	13	64	56	97	118	91	139	145	48	141	99	43	85	19	19	11	1	0	1	1
YPL146C	0	0	0	0	0	0	0	0	0	0	0	0	0	0	0	0	0	0	0	0	0	0	0	0	0	0	0	0	0	2	0	0	0	0	0	0	0	0	0	0	0	0	0	0	0	0	0	0
YHR094C	0	0	0	1	1	1	0	1	0	5	0	0	0	1	0	4	1	1	1	0	0	1	1	0	6	1	1	11	0	15	12	10	20	17	16	21	7	20	19	13	7	1	2	0	1	0	0	0
YEL076C	0	0	1	0	0	0	0	0	0	0	0	0	0	1	0	0	0	0	1	0	0	0	1	0	6	1	0	0	0	3	2	4	12	13	13	14	7	6	10	7	8	3	0	1	0	0	0	0
YHR161C	0	0	0	0	0	0	0	0	0	0	0	0	0	0	0	0	0	0	0	0	0	0	0	0	0	0	0	0	0	0	0	2	0	0	0	0	0	0	0	0	0	0	0	0	0	0	0	0
YNR065C	0	0	0	0	0	0	0	1	0	0	0	0	0	0	0	0	0	0	0	0	0	0	0	0	0	0	0	0	0	1	1	4	6	4	1	6	1	2	3	0	2	0	0	0	0	0	0	0
YML049C	0	0	0	0	1	0	0	0	0	0	0	0	0	0	0	0	0	0	0	0	0	0	0	0	0	0	0	0	0	0	0	0	0	0	0	0	0	0	0	0	0	0	0	0	0	0	0	0
YBR067C	0	0	0	0	0	0	0	0	0	0	0	0	0	0	0	0	0	0	0	0	0	0	0	0	0	0	0	2	0	0	0	0	0	0	0	0	0	0	0	0	0	0	0	0	0	0	0	0
YGR138C	0	0	0	0	0	0	0	0	0	0	0	0	0	0	0	0	0	0	0	0	0	0	0	1	2	2	0	10	0	12	10	7	24	7	11	23	15	11	16	6	17	4	2	1	0	0	0	0
YML071C	0	0	0	0	1	0	0	0	0	0	0	0	0	0	0	0	0	0	0	0	0	0	0	0	0	0	0	0	0	0	0	0	0	0	0	0	0	0	0	0	0	0	0	0	0	0	0	0
YFL024C	0	0	0	0	0	1	0	0	0	0	0	0	0	0	0	0	0	0	0	0	0	0	0	0	0	0	0	0	0	0	0	0	0	0	0	0	0	0	0	0	0	0	0	0	0	0	0	0
YER074W	12	12	6	10	16	19	15	24	9	12	24	21	15	33	20	35	31	27	36	44	44	56	73	51	422	119	117	664	182	941	667	1073	1569	793	1744	1583	493	1442	1378	357	942	198	177	141	30	11	5	9
YGL009C	0	1	0	0	0	0	0	0	0	0	0	0	0	0	0	0	0	0	0	0	0	0	0	0	0	0	0	0	0	0	0	0	0	0	0	0	0	0	0	0	0	0	0	0	0	0	0	0
YLR467W	0	6	1	1	2	0	1	0	1	2	0	0	0	7	0	0	2	3	10	3	7	8	14	12	18	10	4	42	14	56	56	100	112	84	143	138	46	129	101	36	86	17	19	10	1	0	1	1
YDR366C	1	0	0	0	0	0	0	0	0	0	0	1	0	0	0	0	0	0	0	0	0	0	0	0	1	0	0	0	0	0	1	0	0	1	0	1	1	1	1	0	0	1	0	1	0	0	0	0
YER056C-A	1	4	4	4	8	7	7	15	12	8	18	10	15	17	7	15	8	7	24	29	15	25	28	19	215	48	26	329	46	278	383	242	576	345	402	568	227	397	389	108	282	53	61	38	5	11	0	2
YGR192C	168	154	148	197	374	218	257	404	240	271	466	239	377	592	249	647	545	366	718	675	562	1080	1212	811	5795	1651	1380	10671	2591	11618	12601	16583	22123	15509	27123	24521	8652	28262	19214	6131	21002	3227	3367	2366	468	417	141	137
YJL158C	1	0	0	0	3	2	2	1	0	6	1	3	2	6	7	12	7	2	12	7	5	8	7	7	45	10	12	104	18	92	75	123	179	120	242	155	75	156	100	47	114	17	24	23	2	1	5	0
YCL073C	0	0	0	0	0	0	0	0	0	0	0	0	0	0	0	2	0	0	0	0	0	0	0	0	0	0	0	0	0	0	0	1	0	0	0	0	0	0	1	0	0	0	0	0	0	0	0	0
YOR156C	0	0	0	0	0	0	0	0	0	0	0	0	0	0	0	0	0	0	0	0	0	0	0	0	0	0	0	0	0	0	0	0	0	0	0	0	0	1	0	0	0	0	0	0	0	0	0	0
YAR071W	7	4	3	6	5	3	10	10	3	2	19	16	10	19	14	13	18	11	14	15	16	30	36	20	172	54	46	257	81	431	343	556	665	434	816	763	255	809	666	191	608	113	106	70	18	8	6	10
YKL081W	1	0	0	1	0	0	0	3	0	0	4	0	0	2	0	0	2	0	0	0	1	1	1	1	3	2	0	9	0	4	1	5	13	4	42	5	23	2	23	6	5	2	4	0	0	1	0	0
YKL219W	0	0	0	0	0	0	0	0	0	0	0	0	0	0	0	0	0	0	0	0	0	0	0	0	0	2	0	3	0	3	0	1	4	0	2	2	0	1	1	0	2	0	0	0	0	0	0	0
YPR002C-A	0	0	0	0	0	0	0	0	0	0	0	0	0	0	0	1	0	0	0	0	0	0	0	1	1	0	0	1	1	1	1	2	2	0	2	5	2	1	1	1	1	1	1	0	0	0	0	0
YDL244W	0	0	0	0	0	0	0	0	0	0	0	0	0	0	2	0	0	0	0	0	0	0	0	3	0	0	1	0	1	0	0	0	2	2	0	0	2	2	0	0	0	0	0	0	0	0	0	0
YDL229W	46	34	53	54	90	61	74	104	84	95	127	99	117	183	91	185	171	145	225	229	252	258	396	254	1845	542	503	3114	792	4367	3678	5676	7292	4932	8964	7682	2838	8880	6227	1990	6641	999	1143	781	142	78	29	58
YER033C	0	0	0	0	1	0	0	0	0	0	1	0	0	0	0	0	0	0	0	0	0	0	0	0	0	0	0	0	0	0	0	1	0	0	0	0	0	0	0	0	0	0	0	0	0	0	0	0
YPR156C	0	0	0	0	0	0	0	0	0	0	0	0	0	0	0	0	0	0	0	0	0	0	0	1	2	2	0	10	0	12	10	7	24	7	11	23	15	11	16	6	17	4	2	1	0	0	0	0
YLR451W	0	0	0	0	0	2	0	1	0	0	0	0	0	0	0	0	0	0	0	0	0	0	0	0	0	0	0	0	0	1	0	0	0	0	0	0	0	0	0	0	0	0	0	0	0	0	0	0
YJL222W	0	0	0	0	0	0	0	1	0	0	0	1	0	0	0	0	0	0	0	0	0	0	0	0	1	0	1	5	2	7	3	7	13	10	11	23	4	16	9	4	5	3	1	0	1	0	0	0
YDR154C	0	1	1	0	0	0	0	0	0	2	0	1	0	0	0	0	0	0	0	1	0	0	0	0	0	0	0	0	0	0	0	4	0	0	8	0	0	3	0	0	0	0	0	0	0	0	0	0
YLR333C	5	5	2	5	3	3	7	0	1	4	5	0	1	7	1	4	5	0	5	2	1	13	2	0	8	9	1	22	0	14	12	18	43	24	43	37	27	27	27	0	30	9	0	2	0	0	0	0
YLR432W	1	5	1	0	5	1	2	7	3	6	1	1	3	7	3	6	2	7	9	7	16	17	18	8	72	25	17	108	22	177	119	171	280	154	260	377	86	281	297	77	163	50	40	44	13	3	5	7
YDR353W	0	0	0	0	0	0	0	0	0	0	0	0	0	0	0	0	0	0	0	0	0	0	0	0	0	0	0	0	0	1	0	0	1	0	0	0	0	0	0	0	0	0	0	0	0	0	0	0
YDR534C	0	0	0	4	0	0	0	0	2	9	0	0	0	0	0	0	0	0	0	0	0	0	0	0	0	0	0	2	0	0	0	0	2	2	0	6	3	11	2	1	3	0	0	0	0	0	0	0
YIL060W	0	0	0	0	0	0	0	0	0	0	0	0	0	0	0	0	3	0	0	0	3	0	0	0	0	0	0	0	0	3	0	0	0	0	5	1	4	1	3	0	0	0	0	0	0	0	0	0
YHR183W	0	0	0	0	0	0	0	0	0	0	0	0	0	0	1	0	0	0	0	0	0	0	0	0	0	0	0	0	0	0	0	0	6	0	2	8	0	0	4	0	0	0	0	0	0	0	0	0
YDR186C	0	0	0	0	0	0	0	1	0	0	0	0	0	0	0	0	0	0	0	0	0	0	0	0	0	0	0	0	0	0	0	0	0	0	0	0	0	0	0	0	0	0	0	0	0	0	0	0
YJL138C	15	26	35	19	48	30	26	63	39	41	58	42	42	81	36	109	84	81	79	95	112	160	174	134	986	237	276	1630	475	2087	2039	2583	3665	2278	4120	4142	1238	4294	3350	944	2842	597	484	341	107	40	20	25
YAR028W	0	0	0	0	0	0	0	0	0	0	0	0	0	0	0	0	0	0	0	0	0	0	1	0	0	0	0	0	2	0	3	0	0	0	0	0	0	0	0	0	0	0	0	0	0	0	0	0
YCR018C-A	0	0	0	0	0	0	0	0	0	0	0	0	0	0	0	0	0	0	0	1	0	0	0	1	0	0	0	0	0	2	5	2	4	0	5	5	3	2	0	2	1	1	2	0	0	0	0	0
YPR102C	16	9	8	13	24	15	21	29	25	19	28	24	35	54	17	65	46	33	65	57	50	108	114	86	612	140	141	1211	247	1156	1367	1571	1902	1302	2539	2218	702	2530	1707	455	1553	366	212	223	55	24	5	10
YNL334C	0	0	0	0	0	0	0	0	0	1	0	0	0	0	0	0	0	0	0	0	0	0	0	0	1	0	0	0	0	0	1	8	1	2	2	3	2	0	4	0	1	0	3	0	0	0	0	0
YBR010W	2	4	6	2	2	0	3	11	7	6	9	4	9	12	4	15	6	3	10	13	5	21	32	7	95	14	20	193	57	143	241	266	333	270	527	375	159	626	388	90	444	84	68	35	13	0	4	2
YPL090C	14	27	22	30	54	41	30	40	30	43	79	54	58	81	49	102	108	85	114	121	125	182	203	179	1085	258	337	1834	465	2653	2403	2802	4597	2874	4843	5257	1688	4879	3721	1425	3157	602	537	359	120	57	28	32
YBR302C	0	0	0	0	0	2	0	0	0	1	1	0	3	1	1	1	0	0	0	0	1	5	4	9	15	5	5	23	15	33	40	36	95	31	78	118	38	112	51	28	49	23	6	9	8	1	1	1
YFL061W	0	0	0	0	0	0	0	0	0	0	0	0	0	0	0	0	0	0	0	0	0	0	0	0	0	0	0	0	0	0	0	0	0	0	1	0	1	0	0	0	0	0	0	0	0	0	0	0
YGR214W	4	8	7	2	5	2	5	11	23	13	3	6	10	5	6	16	10	18	24	5	25	18	22	31	127	19	27	226	35	238	114	117	453	186	271	277	173	178	360	82	126	92	53	36	16	3	1	15
YDR054C	0	0	0	0	0	0	0	1	0	0	0	0	0	0	0	0	0	0	0	0	0	0	0	0	0	0	0	0	0	0	0	0	0	0	0	0	0	0	0	0	0	0	0	0	0	0	0	0
YFL062W	0	0	0	0	0	0	0	0	0	1	1	0	2	0	0	2	0	1	0	0	1	1	4	1	11	0	6	22	8	26	31	30	56	17	63	85	30	69	32	30	30	12	8	7	0	1	1	0
YGR086C	0	0	0	0	0	0	0	0	0	0	0	0	0	0	1	0	0	0	0	4	0	0	0	0	0	0	0	0	0	0	0	0	0	0	0	0	0	0	0	0	0	0	0	0	0	0	0	0
YDR025W	5	4	9	8	10	9	11	13	13	12	15	13	12	13	9	24	18	14	25	48	14	41	50	24	215	87	34	419	100	318	446	586	604	518	952	657	312	1016	573	166	631	101	104	84	18	2	5	7
YML065W	0	0	2	0	0	1	0	1	0	0	0	1	0	0	0	0	1	1	0	0	5	0	0	2	0	0	0	0	0	0	0	0	0	0	0	0	0	0	0	0	0	0	0	0	0	0	0	0
YLL013C	0	0	0	0	0	0	0	0	0	0	0	0	0	0	0	0	0	0	0	0	0	0	0	0	0	0	0	0	0	0	0	0	2	0	0	0	0	0	0	0	0	0	0	0	0	0	0	0
YLR334C	0	0	0	0	0	0	0	0	0	0	0	0	0	0	0	0	0	0	0	0	0	0	0	0	0	0	0	0	0	0	0	0	0	0	1	0	0	0	0	0	0	0	0	0	0	0	0	0
YDL126C	0	0	0	0	2	0	0	1	1	0	0	0	0	0	0	0	0	0	2	0	0	0	0	0	0	0	0	0	0	0	0	0	0	0	0	0	0	0	0	0	0	0	0	0	0	0	0	0
YLR114C	0	0	0	0	0	0	0	0	0	0	0	0	0	0	0	0	0	0	0	0	0	0	0	0	0	3	0	0	0	0	0	5	13	0	2	3	0	2	0	0	0	2	0	0	0	0	0	0
YGR124W	2	1	2	0	1	2	0	1	0	1	6	1	0	8	0	1	3	0	1	6	1	3	5	6	11	5	5	24	16	62	20	74	83	26	121	117	13	113	87	4	50	18	6	4	1	2	0	1
YBL017C	0	0	0	0	0	0	0	1	0	0	0	0	0	0	0	0	0	0	0	0	0	0	0	0	0	0	0	0	0	1	1	2	1	0	1	0	0	0	0	0	0	0	0	0	0	0	0	0
YNL332W	0	0	0	0	0	0	0	0	0	0	0	0	0	0	2	0	0	0	0	0	0	0	0	3	0	0	0	1	3	1	0	2	4	2	0	0	2	2	1	1	0	0	0	0	0	0	0	0
YMR317W	0	0	0	0	0	0	0	0	0	0	0	0	0	0	0	0	0	0	0	0	0	0	0	0	4	0	0	0	0	0	0	0	5	0	0	0	0	2	8	0	0	0	0	0	0	0	0	0
YER133W	0	0	0	0	1	0	0	0	0	0	0	0	0	0	0	0	0	0	0	0	0	0	0	0	0	0	0	0	0	0	0	0	0	0	0	0	0	0	0	0	0	0	0	0	0	0	0	0
YER158C	0	0	0	0	0	0	0	0	0	0	0	0	0	0	0	0	0	0	0	0	0	0	0	0	0	0	4	0	0	0	0	0	0	0	0	0	0	0	0	0	0	0	0	0	0	0	0	0
YDL161W	0	0	0	0	0	0	0	0	0	0	0	0	0	2	0	0	0	0	0	0	0	0	0	0	0	0	0	0	0	0	0	0	0	0	0	0	0	0	0	0	0	0	0	0	0	0	0	0
YJR048W	0	0	0	0	0	0	0	0	0	0	0	0	0	0	0	0	0	0	0	0	0	0	0	0	0	0	0	0	0	1	0	1	0	1	1	0	0	2	0	0	0	0	0	0	0	1	0	0
YBR092C	1	0	1	0	0	1	1	2	1	0	0	0	2	2	3	0	3	2	1	2	1	6	1	3	20	6	6	28	11	50	32	68	64	39	85	85	19	62	64	11	56	13	11	7	1	3	0	0
YDR342C	2	2	0	1	1	2	1	1	1	5	1	0	1	2	0	3	1	2	3	1	2	9	5	2	22	6	3	46	8	37	36	48	94	53	106	101	44	94	49	28	49	19	16	11	1	1	0	2
YMR173W	0	7	4	0	13	8	0	9	6	20	19	15	6	35	3	4	27	14	24	25	19	28	62	15	96	49	22	206	57	195	182	463	397	410	746	489	146	653	538	99	687	67	51	72	4	2	0	19
YOR393W	1	0	0	0	0	0	0	0	0	0	0	0	0	0	0	0	0	0	0	0	0	0	0	0	0	0	0	0	0	0	0	0	0	0	0	1	0	0	0	0	0	0	0	0	0	0	0	0
YBR145W	0	0	0	0	0	0	0	0	0	0	0	0	0	0	0	0	0	0	0	0	0	0	0	0	0	0	0	0	0	0	0	0	0	0	0	0	0	0	1	0	0	0	0	0	0	0	0	0
YOR204W	0	0	0	0	0	0	0	0	0	0	0	0	0	0	0	0	0	0	0	0	0	0	0	0	0	0	0	0	0	0	0	0	0	0	0	0	0	0	1	0	0	0	0	0	0	0	0	0
YIR006C	0	0	0	0	0	0	0	0	0	0	0	3	0	2	0	2	0	1	0	0	0	0	0	0	0	0	2	13	0	3	9	2	28	14	12	24	17	16	12	13	0	2	2	0	0	0	0	0
YPL198W	16	14	27	22	39	41	25	50	36	30	61	49	45	83	39	80	55	66	89	98	94	160	142	139	791	195	208	1256	365	1737	1865	2404	3371	1983	3871	3797	1325	4283	2857	1058	3221	535	561	431	154	76	38	38
YDR382W	1	0	1	0	2	0	2	1	1	3	0	0	0	2	0	0	0	0	0	0	0	0	8	1	2	6	2	1	1	18	0	21	9	0	22	0	0	0	0	0	0	0	0	0	0	0	0	0
YGR294W	0	0	0	0	0	0	0	0	0	0	0	0	0	0	0	0	0	0	0	0	0	0	0	0	0	0	0	0	0	2	4	0	0	2	0	0	0	0	0	0	0	0	0	0	0	0	0	0
YOL161C	0	0	0	0	0	0	0	0	0	0	0	0	0	0	0	0	0	0	0	0	0	0	0	0	0	0	0	0	0	0	0	0	1	0	0	1	1	0	0	0	1	0	0	0	0	0	0	0
YGR254W	121	123	145	143	288	189	192	273	188	191	323	243	258	482	217	530	442	296	512	557	585	716	1078	747	4462	1398	1011	8642	1992	9558	9193	14126	18370	12165	23415	19859	6507	21519	16153	4362	18370	2454	2910	2446	318	256	99	67
YEL040W	0	0	0	0	0	0	0	0	0	0	0	2	0	0	0	2	0	0	0	0	0	0	0	0	0	0	0	0	0	0	0	0	0	0	0	0	0	0	0	0	0	0	0	0	2	0	0	2
YOR113W	0	0	0	0	0	0	0	0	0	0	0	0	0	0	0	0	0	0	0	1	0	0	0	0	0	0	0	0	0	0	0	0	0	0	0	0	0	0	0	0	1	0	0	0	0	0	0	0
YMR121C	9	14	15	9	2	12	17	11	18	3	16	19	10	11	13	34	25	22	17	22	25	40	48	43	239	69	65	384	111	545	523	676	945	585	1151	959	375	1215	605	290	519	125	102	72	21	3	7	4
YPL226W	0	0	0	0	0	0	0	3	1	0	2	0	0	1	0	0	0	0	0	0	0	0	0	0	0	0	0	0	0	1	0	0	0	0	0	0	0	0	0	0	0	0	0	0	0	0	0	0
YOR234C	4	1	1	3	5	5	0	3	1	0	3	4	2	1	3	4	0	2	10	0	2	4	3	12	18	8	9	60	1	57	55	38	133	34	76	19	14	9	22	1	8	3	0	0	0	0	0	0
YGR293C	0	0	0	0	0	0	0	0	0	0	0	0	0	0	0	0	0	0	0	0	0	0	0	0	0	0	0	0	0	0	0	0	0	0	0	0	0	0	2	0	0	0	0	0	0	0	0	0
YOL051W	0	0	0	0	0	0	0	0	0	0	0	0	2	1	0	0	0	0	0	0	0	0	0	0	0	3	0	0	1	0	0	0	8	0	13	9	2	1	5	2	0	0	0	0	0	0	1	0
YLR160C	0	0	0	0	0	0	0	0	0	0	0	0	0	0	0	0	0	0	0	0	0	2	0	0	0	0	0	4	0	2	4	2	4	7	4	5	3	7	2	0	3	0	0	0	2	0	0	0
YNR044W	0	0	0	0	0	0	0	0	0	0	0	0	0	0	0	0	0	0	0	0	0	0	0	0	0	0	6	8	0	0	2	0	6	2	6	6	0	0	6	0	0	0	2	0	0	0	0	0
YBR289W	0	0	1	0	0	0	0	2	0	0	0	0	0	0	0	1	0	0	0	0	0	0	0	0	0	0	0	0	0	0	0	1	1	0	2	0	1	1	2	0	0	0	0	0	0	0	0	0
YHR030C	0	0	0	0	0	0	0	0	0	0	0	0	0	0	1	0	1	0	0	0	0	0	0	0	0	0	0	0	0	2	0	0	1	0	0	1	0	0	0	0	0	0	0	0	0	0	0	0
YBL084C	0	0	0	0	0	0	0	0	0	0	0	0	0	0	0	0	0	0	0	0	0	0	0	0	0	0	0	0	0	0	0	0	0	0	0	0	0	1	0	0	0	0	0	0	0	0	0	0
YNL270C	0	0	0	0	0	0	0	0	0	0	0	0	0	0	0	0	0	0	0	0	1	0	0	0	0	0	0	0	0	0	0	0	0	0	3	1	0	2	0	0	0	0	0	0	0	0	0	0
YJL079C	0	0	0	0	0	0	0	0	0	0	0	0	0	0	0	0	0	0	0	0	0	0	0	1	0	0	0	0	0	0	0	0	0	0	0	0	0	0	0	0	0	0	0	0	0	0	0	0
YIL011W	0	0	0	0	0	0	0	0	0	0	0	0	0	0	0	0	0	0	0	0	0	0	0	0	0	0	0	0	0	0	2	2	0	2	0	0	0	0	0	0	2	0	0	0	0	0	0	0
YEL034W	3	2	4	2	7	1	1	4	0	6	8	6	7	4	4	11	15	5	12	8	9	14	10	13	65	17	9	113	26	86	105	168	113	141	242	107	88	339	101	68	119	29	31	17	0	9	5	0
YHL001W	10	3	16	8	14	17	14	22	18	13	23	18	22	15	21	38	23	41	47	40	55	71	73	78	332	100	134	614	150	940	750	901	1591	1012	1223	1819	661	1284	1318	530	758	237	276	125	29	24	5	15
YOR373W	0	0	0	0	0	0	0	0	0	0	0	0	0	0	0	0	0	0	0	0	0	0	0	0	0	0	0	0	0	0	0	0	0	0	0	0	0	1	0	0	0	0	0	0	0	0	0	0
YDR134C	0	1	1	0	4	0	0	1	0	0	0	0	0	0	0	0	0	0	0	1	0	0	0	0	0	3	0	0	1	4	1	11	4	0	40	9	0	29	7	0	27	1	0	1	2	0	0	0
YPR196W	0	0	0	0	0	0	0	0	0	0	0	0	0	0	0	0	0	0	0	0	0	0	0	0	0	0	0	0	0	1	0	1	1	0	0	0	0	0	0	0	2	0	0	0	0	0	0	0
YJL190C	1	2	4	0	4	0	1	3	0	2	2	1	5	9	2	6	2	5	9	8	7	1	16	3	20	15	3	40	17	29	31	60	45	23	46	40	12	65	32	13	14	3	5	0	0	0	1	0
YLL025W	0	0	0	0	0	0	0	0	0	0	0	0	0	0	0	0	0	0	0	0	0	0	0	0	0	0	0	0	0	1	1	0	0	0	0	2	1	1	0	1	0	0	0	0	0	0	0	0
YAR075W	0	2	1	2	1	0	0	0	0	2	0	1	0	2	1	0	1	3	2	1	2	0	5	7	10	3	6	20	4	23	13	27	44	26	48	58	13	42	35	22	27	6	9	5	1	0	0	1
YPL026C	0	0	0	0	0	0	0	0	0	0	0	0	0	0	0	0	0	0	0	0	0	0	0	0	0	0	0	0	0	0	0	1	0	0	0	0	0	0	0	0	0	0	0	0	0	0	0	0
YBR118W	236	253	313	281	511	386	396	550	386	483	692	512	706	988	474	1183	963	817	1294	1226	1448	2044	2419	1534	12996	3123	3264	20816	5209	25063	26320	35177	44031	32386	54428	50848	16854	56370	39805	11862	40326	6924	7904	4901	1208	745	351	403
YDR433W	0	0	0	0	0	0	0	0	0	0	0	0	0	0	0	0	0	0	0	0	0	0	0	0	0	0	0	0	0	0	0	0	0	0	0	0	0	2	0	0	0	0	0	0	0	0	0	0
YPR132W	20	9	7	17	18	13	13	19	6	19	22	22	19	27	11	40	25	36	38	29	36	68	72	41	348	69	77	611	107	498	684	691	875	933	1164	883	470	1176	921	280	713	155	133	57	9	3	3	4
YHR211W	0	0	0	0	0	0	0	0	0	0	0	0	0	0	0	0	0	0	0	0	0	0	0	0	0	0	0	1	0	0	3	0	2	1	0	2	3	2	1	1	1	0	0	0	0	0	0	0
YOL013W-A	31	8	1678	11	6	5908	52	16	2896	130	8	297	60	10	135	18	8	25	39	7	38	19	19	78	59	36	60	63	19	362	10	52	1120	18	187	489	42	286	68	160	339	41	258	54	123	25	32	163
YNL301C	8	8	8	9	9	13	10	8	13	16	15	16	19	22	13	34	20	22	59	21	34	71	35	34	322	58	70	714	113	545	726	680	1343	719	1037	1261	680	1032	476	506	549	110	107	79	30	10	1	3
YAR027W	0	0	0	0	0	0	0	0	0	0	0	0	0	0	0	0	0	0	0	0	0	0	1	0	0	0	0	0	2	1	4	0	1	0	0	0	0	1	0	2	1	0	0	0	0	0	0	0
YHR021C	0	1	0	0	0	0	0	0	0	0	0	0	0	0	0	0	0	0	0	0	0	0	0	0	0	0	0	0	0	0	0	0	0	0	0	0	0	0	0	0	0	0	0	0	0	0	0	0
YNL339C	1	6	1	1	5	1	1	0	1	2	0	0	1	7	0	0	2	4	10	6	5	8	15	13	26	12	4	50	13	65	55	98	118	93	139	143	48	139	99	40	85	19	17	11	1	0	1	1
YJL034W	1	1	6	3	10	8	7	2	2	3	8	3	6	9	8	8	6	1	7	2	0	7	0	1	0	0	0	0	0	8	0	1	29	0	1	13	0	1	8	0	1	0	0	0	0	0	0	0
YNR073C	0	0	0	0	0	0	0	0	0	0	0	0	0	0	0	0	0	0	0	0	0	0	0	0	0	0	1	2	0	1	1	1	1	2	6	2	0	4	0	0	2	0	0	0	0	0	0	0
YLR158C	0	0	0	0	0	0	0	0	0	0	0	0	0	0	0	0	0	0	0	0	0	2	0	0	0	0	0	4	0	2	4	2	4	7	4	5	3	7	2	0	3	0	0	0	2	0	0	0
YML024W	4	3	8	8	15	14	11	9	19	17	25	18	14	18	22	25	27	15	22	20	22	34	33	17	173	47	58	356	65	415	320	437	659	566	891	774	314	800	543	177	444	85	118	38	6	5	0	6
YGR034W	6	3	3	1	3	2	3	7	3	3	10	2	5	12	9	13	15	8	2	11	11	19	19	19	82	19	35	178	27	183	208	168	482	223	288	454	131	340	306	82	261	98	39	48	9	14	2	1
YLR177W	0	0	0	0	0	0	0	4	0	0	0	0	0	0	0	0	0	0	0	0	0	0	0	0	0	2	0	0	1	0	0	3	0	0	0	0	0	2	1	0	0	1	0	0	0	0	0	0
YDL153C	0	0	0	0	0	0	0	0	0	0	0	0	0	0	0	0	1	0	0	0	0	0	0	0	0	0	0	0	0	0	0	0	0	0	0	0	0	0	0	0	0	0	0	0	0	0	0	0
YJL019W	0	0	0	0	0	0	0	1	0	0	0	0	0	0	0	0	0	0	0	0	0	0	0	0	0	0	0	0	0	0	0	0	0	0	0	0	0	0	0	0	0	0	0	0	0	0	0	0
YDR542W	0	0	0	0	0	0	0	0	0	0	0	0	0	0	0	0	0	0	0	0	0	0	0	0	0	0	0	0	0	1	3	0	1	4	0	1	0	0	0	0	0	0	0	0	0	0	0	0
YPL004C	0	0	0	0	0	0	0	0	0	0	0	0	0	0	1	0	0	0	0	4	0	0	0	0	0	0	0	0	0	0	0	0	0	0	0	0	0	0	0	0	0	0	0	0	0	0	0	0
YAL021C	0	0	0	0	0	0	0	0	0	0	1	0	2	0	0	0	0	0	0	0	0	0	0	0	0	0	0	0	0	0	0	0	0	0	0	0	0	0	0	0	0	0	0	0	0	0	0	0
YGL259W	0	0	0	0	0	0	0	0	0	0	0	0	0	0	0	0	0	0	0	0	0	0	0	0	0	0	0	0	0	0	0	0	0	0	0	0	0	1	2	0	1	0	0	0	0	0	0	0
YOR054C	0	1	0	0	0	0	0	1	0	0	0	0	0	0	0	0	4	0	0	0	0	0	0	0	0	2	0	0	0	0	0	8	3	0	15	4	0	10	8	0	3	0	0	0	0	0	0	0
YNL033W	0	0	0	0	0	0	0	0	0	0	0	0	0	0	0	0	0	0	0	0	0	0	0	0	0	1	0	1	0	0	0	3	1	1	2	2	0	3	2	1	2	0	0	0	0	0	0	0
YBR112C	0	0	0	0	0	1	0	0	0	0	0	0	0	5	1	0	0	0	0	0	0	0	0	0	0	1	2	0	19	0	0	1	1	0	9	3	9	2	12	0	1	8	1	0	0	10	9	0
YOR182C	6	4	1	7	6	1	5	1	2	8	10	2	8	1	6	12	7	6	20	5	14	23	16	12	107	26	31	229	33	206	292	171	317	270	312	399	133	378	205	152	175	56	73	18	4	5	3	0
YGR159C	0	0	0	0	0	0	0	4	0	0	0	0	0	0	0	0	0	1	0	0	0	0	0	0	0	0	0	0	0	0	0	0	0	0	0	0	0	0	0	0	0	0	0	0	0	0	0	0
YPL278C	0	0	0	0	0	0	0	0	0	0	0	0	0	0	0	0	0	0	0	0	0	0	0	0	0	0	0	1	0	0	0	0	0	0	0	0	0	0	0	0	0	0	0	0	0	0	0	0
YOR192C-B	4	0	9	2	3	2	4	6	3	3	13	12	8	12	11	14	8	8	10	14	24	26	18	31	69	38	40	181	48	245	172	293	487	261	458	566	207	471	428	138	294	95	60	50	30	9	3	2
YOR192C-A	4	0	5	0	3	1	1	3	2	3	9	9	4	7	6	11	5	4	2	4	19	14	9	15	31	19	18	104	22	137	85	137	264	140	213	301	118	221	211	82	153	43	31	24	10	6	2	2
YCL065W	0	0	0	0	0	0	0	0	0	0	0	0	0	0	0	0	0	0	0	0	0	0	0	0	0	0	0	0	0	0	0	0	0	0	0	1	1	0	0	1	3	0	0	0	0	0	0	0
YER011W	0	0	0	1	0	0	6	0	0	0	0	0	0	8	0	3	4	0	3	3	3	9	6	3	20	0	8	45	19	34	62	66	80	108	132	53	58	143	60	27	180	4	47	38	0	5	3	3
YER190W	1	6	1	1	1	0	0	0	1	2	0	0	1	7	0	0	2	4	10	3	5	4	14	10	13	7	4	35	11	46	42	74	91	66	106	119	40	113	76	36	76	17	12	10	1	0	1	0
YKL048C	2	0	0	0	0	0	0	0	0	0	0	0	0	0	0	0	0	0	0	0	0	0	0	0	0	0	0	0	0	0	0	0	0	0	0	0	0	0	0	0	0	0	0	0	0	0	0	0
YOR009W	0	0	0	0	0	0	0	1	0	0	2	0	0	0	0	0	0	0	0	0	0	0	0	0	0	0	0	0	0	0	3	0	1	0	0	0	0	3	3	0	0	0	0	0	0	0	0	0
YGR233C	0	0	0	0	0	0	0	0	0	0	0	0	0	0	0	0	0	0	0	0	0	0	0	0	0	0	0	0	0	0	0	0	0	0	1	0	0	0	0	1	0	0	0	0	0	0	0	0
YPR022C	0	0	0	0	0	0	0	0	0	0	1	0	0	0	2	0	0	0	0	0	0	0	0	0	0	0	0	0	0	0	0	0	1	0	0	2	1	0	1	0	0	1	0	0	0	0	0	0
YLR110C	0	2	1	0	4	0	0	2	0	0	0	0	0	4	0	0	0	0	0	1	0	0	0	0	0	3	0	0	1	4	1	11	4	0	40	9	0	29	7	0	27	1	0	1	2	0	0	0
YDL188C	0	0	0	1	0	0	1	1	0	1	0	2	1	2	1	1	1	2	0	0	0	2	3	1	8	2	0	15	8	27	13	21	46	10	61	38	15	38	31	8	25	7	5	4	0	3	0	0
YPL143W	4	1	1	3	5	5	0	3	1	0	3	4	2	1	3	4	0	2	10	0	2	4	3	12	19	7	9	60	1	57	55	38	133	34	76	19	14	9	22	1	8	3	0	0	0	0	0	0
YDL134C	0	0	0	1	0	0	1	1	0	1	0	2	1	2	1	1	1	2	0	0	0	2	3	1	8	2	0	15	8	27	13	21	46	10	61	38	15	38	31	8	25	7	5	4	0	3	0	0
YBR218C	1	1	0	0	3	2	2	2	3	0	7	2	0	1	1	3	2	2	4	2	2	7	7	5	20	14	3	29	12	57	50	74	148	60	135	136	43	130	127	30	78	24	11	20	1	4	2	1
YMR321C	1	0	0	0	0	0	0	0	0	1	0	0	0	0	0	2	0	0	1	0	0	2	3	1	7	6	1	28	2	19	37	45	44	26	63	34	24	59	32	11	22	7	2	4	1	2	0	0
YBL003C	2	2	9	3	3	4	3	2	5	3	6	7	3	9	3	7	11	6	5	6	3	4	7	17	79	4	22	95	10	182	79	97	223	168	143	245	63	109	253	58	109	37	29	26	2	1	3	3
YDR224C	0	0	0	0	1	0	0	0	0	2	0	0	0	2	1	5	2	0	2	3	2	0	1	1	2	3	0	23	4	7	7	12	10	9	50	4	5	19	0	0	14	0	1	2	0	0	0	0
YJR045C	1	1	0	1	6	0	2	2	0	1	8	1	3	4	1	0	3	3	0	4	3	1	2	4	3	8	4	3	9	4	3	2	4	1	0	2	0	0	2	2	0	0	0	0	0	0	0	0
YHR126C	0	0	0	0	0	1	0	0	0	0	0	0	0	0	0	0	0	0	0	0	0	0	0	0	0	0	0	0	0	0	0	0	0	0	0	0	0	0	0	0	0	0	0	0	0	0	0	0
YNL091W	0	0	0	0	1	0	0	0	0	0	0	0	0	0	0	0	0	0	0	0	0	0	0	0	0	0	0	0	0	0	0	0	0	0	0	0	0	0	0	0	0	0	0	0	0	0	0	0
YKL054C	0	0	0	0	0	2	0	0	0	0	1	0	0	0	1	0	0	0	0	0	4	0	3	0	0	0	10	6	0	59	0	6	60	7	18	51	21	42	67	15	12	21	9	0	6	3	1	0
YAL062W	0	0	0	0	0	0	0	0	0	0	0	0	0	0	0	0	0	0	0	0	0	0	0	0	7	0	0	12	0	2	0	9	9	2	20	2	1	1	1	0	4	0	0	0	0	0	0	0
YLR466W	0	6	0	1	1	0	0	0	1	2	0	0	0	3	0	0	2	3	6	3	4	3	10	7	6	3	4	28	8	39	35	62	65	54	85	83	25	87	59	27	64	12	10	8	1	0	1	0
YMR008C	0	0	0	0	0	0	0	0	0	0	0	0	0	0	0	0	0	0	0	0	0	0	0	0	0	0	0	0	0	0	1	0	0	1	1	3	0	2	0	1	0	1	0	0	0	0	0	0
YJL136C	2	2	6	0	3	3	3	4	1	3	4	1	0	6	4	3	6	3	3	12	1	6	6	12	48	13	6	97	16	52	34	111	121	64	264	130	46	158	101	6	45	26	1	8	1	0	0	0
YMR194W	9	0	0	8	2	0	10	5	0	7	12	2	6	3	3	17	3	2	12	10	6	30	23	7	137	22	24	389	73	102	669	357	147	553	610	160	306	1048	156	502	557	40	217	52	15	30	2	4
YDL133C-A	10	3	11	18	11	12	15	14	23	25	17	18	52	34	21	71	34	51	106	54	94	131	103	78	678	119	141	845	177	1216	1152	1134	1588	1209	1188	1556	901	1183	976	667	588	147	137	48	66	5	2	10
YOL086C	22	32	36	26	62	35	38	83	37	47	89	48	56	112	84	101	123	65	107	105	110	143	230	186	1026	337	278	1593	477	2486	2104	2915	4410	2017	5005	4619	1047	5191	3767	695	3214	615	389	590	86	29	57	43
YDR080W	0	0	0	0	0	0	0	0	0	0	0	0	0	0	0	0	0	0	0	0	0	0	0	0	0	0	0	0	0	0	0	1	0	0	1	0	0	0	0	0	0	0	0	0	0	0	0	0
YER117W	5	4	10	5	6	12	8	23	11	10	11	20	14	32	13	40	22	20	35	42	42	54	58	50	328	90	77	565	131	626	656	745	1117	637	1364	1192	319	1108	781	268	589	82	78	41	14	2	2	2
YPL273W	1	0	0	0	0	0	0	0	0	1	0	0	0	0	0	2	0	0	1	0	0	2	3	1	7	6	1	28	2	19	37	45	44	26	63	34	24	59	32	11	22	7	2	4	1	2	0	0
YBR048W	5	4	9	8	10	9	11	13	13	12	15	13	12	13	9	24	18	14	25	48	14	41	50	24	215	87	34	419	100	318	446	586	604	518	952	657	312	1016	573	166	631	101	104	84	18	2	5	7
YKL028W	0	0	0	0	0	0	0	0	0	0	0	0	0	0	0	0	0	0	0	0	0	0	0	0	0	0	0	0	0	1	0	2	2	0	1	1	0	0	2	0	0	0	0	0	0	0	0	0
YNL162W	8	3	10	11	15	15	21	17	11	19	30	11	30	33	18	43	38	33	48	46	47	71	73	47	381	121	81	612	188	699	767	957	1315	930	1509	1416	532	1583	1152	427	896	208	255	112	53	18	6	18
YLR406C	0	2	0	0	0	1	0	3	2	2	1	1	0	3	0	2	1	1	0	0	0	1	3	0	3	2	1	6	0	4	0	1	5	1	0	15	0	1	8	0	0	0	0	0	1	0	0	0
YCL068C	0	0	0	0	0	0	0	0	0	0	1	0	0	0	0	0	0	0	0	0	0	0	0	0	0	0	0	1	0	2	2	1	0	2	5	1	1	3	4	0	1	0	0	1	0	0	0	0
YDR037W	0	0	0	0	0	1	0	0	0	0	0	0	0	0	0	0	0	0	0	0	0	0	0	0	0	0	0	0	0	0	0	0	0	0	0	0	0	0	0	0	0	0	0	0	0	0	0	0
YGL051W	0	0	1	0	0	0	0	0	1	0	0	0	0	0	0	0	0	0	0	0	0	0	0	0	0	0	0	0	1	6	1	0	6	3	6	9	3	3	2	1	5	0	4	2	0	0	0	0
YER178W	0	0	0	0	1	0	0	0	0	0	0	0	0	0	0	0	0	0	0	0	0	0	0	0	0	0	0	0	0	0	0	0	0	0	0	0	0	0	0	0	0	0	0	0	0	0	0	0
YDL247W	0	0	0	0	0	0	0	0	0	0	0	0	0	0	0	0	0	0	0	0	0	0	0	0	0	0	0	0	0	0	3	0	0	0	1	1	0	0	0	0	0	0	0	0	0	0	0	0
YNL178W	0	1	0	0	0	0	0	0	0	0	0	0	0	0	0	0	0	0	0	0	0	0	0	0	0	0	0	0	0	0	0	0	0	0	0	0	0	0	0	0	0	0	0	0	0	0	0	0
YGR122C-A	0	0	0	0	0	0	0	0	0	0	0	0	0	0	0	1	0	0	0	0	0	0	0	0	0	0	0	0	0	0	1	1	0	0	2	1	2	0	0	0	1	0	0	0	0	0	0	0
YMR309C	0	0	0	0	0	1	0	0	0	0	0	0	0	0	0	0	0	0	0	0	0	0	0	0	0	0	0	0	0	0	0	0	0	0	0	0	0	0	0	0	0	0	0	0	0	0	0	0
YHL046C	0	0	0	0	0	0	0	0	0	0	0	0	0	0	0	0	0	0	0	0	0	0	0	0	0	0	0	0	0	1	3	0	1	2	0	1	0	0	0	0	0	0	0	0	0	0	0	0
YKL139W	0	0	0	0	0	0	0	0	0	0	0	0	0	0	0	0	0	0	0	0	0	0	0	0	0	0	0	0	0	0	0	0	0	0	0	2	0	0	0	0	0	0	0	0	0	0	0	0
YOL138C	0	0	0	0	0	0	0	0	0	0	0	0	0	0	0	0	0	0	0	0	0	0	0	0	0	0	0	0	0	1	0	2	2	0	1	1	0	0	1	0	0	0	0	0	0	0	0	0
YML010W	0	1	0	0	0	0	0	0	0	0	0	0	0	2	0	0	0	0	0	0	0	0	0	0	0	0	0	1	0	1	0	0	0	0	0	0	0	0	0	0	0	0	0	0	0	0	0	0
YIR041W	0	0	0	0	0	0	0	0	0	0	0	0	0	0	0	0	0	0	0	0	0	0	0	0	0	0	0	0	0	0	0	0	0	1	0	0	1	0	0	0	0	0	0	0	0	0	0	0
YDL083C	2	2	6	5	7	4	2	5	9	2	5	4	3	4	10	5	7	7	11	3	16	4	13	14	28	9	23	67	8	139	64	72	245	149	149	278	103	66	183	35	28	41	17	4	10	2	2	10
YLL039C	2	6	3	0	12	1	4	19	0	10	6	8	12	9	3	14	6	3	2	2	14	8	14	22	24	14	13	39	14	62	47	59	133	54	107	126	54	108	53	41	64	4	24	12	4	0	0	4
YJR094W-A	0	0	1	3	3	0	3	2	4	1	0	1	0	0	2	3	4	2	3	1	5	15	1	7	24	3	10	24	8	61	33	49	88	43	82	110	42	49	48	28	19	1	14	0	1	0	0	0
YEL030W	0	0	0	0	0	0	0	4	0	0	2	0	0	0	0	0	2	0	0	0	0	0	0	0	0	0	0	0	0	2	0	0	0	0	0	1	0	0	0	0	1	0	0	0	0	0	0	0
YNL027W	0	0	0	0	0	1	0	0	0	0	1	0	0	0	2	0	0	0	0	0	0	0	0	0	0	0	0	0	0	0	0	1	0	0	0	2	1	0	0	0	0	0	0	0	0	0	0	0
YDL140C	0	0	0	0	0	0	0	0	0	0	0	0	0	0	0	0	0	0	0	0	0	0	0	0	0	0	0	0	0	0	0	0	0	0	0	0	2	0	0	0	0	0	0	0	0	0	0	0
YHR215W	7	4	3	6	5	3	10	10	5	2	19	16	10	18	14	13	18	11	14	15	16	30	36	20	171	52	46	256	80	428	342	552	664	434	810	762	255	806	666	191	607	113	106	70	18	8	6	10
YML114C	1	0	0	0	0	0	0	0	0	0	0	0	0	0	0	0	0	0	0	0	0	0	0	0	0	0	0	0	0	0	0	0	0	0	0	0	0	0	0	0	0	0	0	0	0	0	0	0
YLL045C	9	6	6	23	13	16	19	24	8	17	14	23	34	31	14	43	27	19	37	35	25	41	59	35	298	79	59	586	119	493	639	873	840	737	1416	1053	480	1539	733	316	945	158	154	150	41	15	5	26
YCR024C-A	1	0	0	0	1	0	1	2	0	1	3	0	1	1	1	1	5	0	9	2	1	1	2	1	2	15	4	52	6	5	32	30	48	25	51	26	15	28	6	7	10	6	0	3	0	0	0	0
YNL327W	0	0	0	0	0	2	0	0	0	0	0	0	0	0	0	0	0	0	0	0	0	0	0	0	2	0	0	6	0	4	8	2	22	16	6	18	2	10	6	0	4	2	0	2	0	0	0	0
YDR210W	0	0	0	0	0	2	0	0	0	0	0	0	0	0	0	0	0	0	0	0	0	0	0	0	0	0	0	0	0	0	0	0	0	0	0	0	0	0	0	0	0	0	0	0	0	0	0	0
YDL131W	3	4	1	2	2	4	7	4	4	5	5	5	8	4	7	11	3	6	16	12	8	10	13	18	108	13	22	178	37	218	173	253	320	245	350	406	123	407	340	77	276	67	30	39	9	7	0	1
YDL173W	0	0	0	0	2	0	1	0	0	0	0	0	0	0	0	0	0	0	0	0	0	0	0	0	0	0	0	0	0	0	0	0	0	0	0	0	0	0	0	0	0	0	0	0	0	0	0	0
YML124C	0	0	0	0	0	0	0	0	0	0	0	0	0	0	1	0	0	0	0	0	0	0	0	0	1	0	0	0	0	1	1	4	1	0	1	0	0	0	0	0	0	0	0	0	0	0	0	0
YAR033W	0	0	1	0	0	0	0	0	1	0	0	0	0	0	0	0	0	0	0	0	0	0	0	0	0	0	0	0	1	6	1	0	6	3	6	9	3	3	2	1	5	0	4	2	0	0	0	0
YLR081W	0	0	0	1	0	0	0	0	0	0	0	0	0	0	0	2	0	0	0	0	0	1	0	0	1	1	0	0	0	0	0	1	0	0	1	0	0	1	0	0	0	0	0	0	0	0	0	0
YOL091W	0	0	1	0	0	0	0	0	0	0	0	0	0	0	0	0	0	0	0	0	0	0	0	0	0	0	0	0	0	0	0	0	0	0	0	0	0	0	0	0	0	0	0	0	0	0	0	0
YGR087C	6	0	1	0	2	2	2	3	1	2	3	2	2	0	8	0	11	1	8	4	4	0	2	5	4	9	0	13	0	2	0	0	15	1	3	8	1	3	2	0	1	0	0	0	0	0	0	0
YGL008C	3	0	2	2	2	1	3	2	2	2	1	1	6	2	2	5	2	3	7	4	2	8	14	4	43	8	11	57	8	50	40	56	89	66	69	98	38	104	72	41	48	11	15	3	3	3	0	1
YER002W	0	0	0	0	0	0	0	0	0	0	0	0	0	2	0	0	0	0	0	0	0	0	0	0	0	0	0	0	0	0	0	0	0	0	0	0	0	0	0	0	0	0	0	0	0	0	0	0
YDR170C	0	0	0	0	0	0	0	0	0	0	0	0	0	6	0	0	0	0	0	0	0	0	0	0	0	0	4	0	0	9	0	2	4	0	4	1	0	0	11	0	0	0	2	0	0	0	0	0
YCL025C	0	0	0	0	0	0	1	0	0	0	0	0	0	0	0	0	0	0	1	0	0	1	0	0	1	0	0	2	0	0	0	5	0	3	0	1	1	4	0	1	0	0	1	0	0	0	0	0
YBL075C	0	0	0	0	0	0	2	0	0	0	0	0	0	0	0	0	0	0	0	0	0	0	0	1	0	0	1	0	0	0	0	0	0	0	0	0	0	0	0	0	0	0	0	0	0	0	0	0
YOR072W-B	31	8	1678	11	6	5908	52	16	2896	130	8	297	60	10	135	18	8	25	39	7	38	19	16	78	59	32	58	63	18	362	10	38	1120	15	122	488	36	280	68	155	336	39	258	53	122	23	27	163
YMR083W	0	0	0	0	0	0	0	0	0	0	0	0	0	0	0	0	0	0	0	0	1	0	1	0	0	0	0	0	0	0	0	0	1	0	0	1	0	0	1	0	0	0	0	0	0	0	0	0
YPR204W	0	6	0	1	0	0	0	0	1	0	0	0	0	2	0	0	2	1	5	3	4	2	7	5	3	3	3	17	6	34	23	53	45	31	66	52	14	63	36	21	37	9	4	5	1	0	1	0
YLR340W	1	1	2	0	6	4	0	20	1	0	3	2	0	7	1	2	5	0	4	0	0	0	0	3	0	0	3	0	1	12	0	3	13	0	5	20	0	2	36	0	3	5	0	0	0	0	0	0
YDL137W	0	0	1	2	1	2	0	3	0	1	3	3	4	2	0	0	0	3	0	1	4	2	1	3	9	5	2	18	0	16	16	7	42	28	22	37	13	39	53	13	12	2	1	2	1	0	0	0
YGL189C	3	1	1	3	0	4	4	8	2	6	5	3	15	4	3	18	3	4	5	4	10	8	19	13	72	10	6	75	14	90	69	97	97	77	209	67	34	152	82	25	142	12	10	17	0	0	0	0
YNL302C	3	10	11	5	2	7	11	8	13	7	10	9	10	14	13	25	18	8	12	15	20	23	28	23	186	43	42	363	50	392	380	367	661	346	432	592	187	398	506	71	303	90	42	15	11	4	2	2
YPR163C	0	0	3	0	2	10	4	2	5	0	0	2	6	6	0	12	2	0	4	4	0	0	10	8	44	10	0	52	2	54	84	36	164	64	58	102	14	46	72	18	38	16	0	0	0	0	0	10
YNL096C	3	0	3	1	10	3	1	6	4	5	8	5	5	10	9	7	6	14	21	5	15	9	11	14	98	29	32	133	28	234	153	97	495	174	237	402	154	189	276	104	112	28	33	13	6	9	0	1
YOR394W	0	0	0	0	0	0	0	0	0	0	0	0	0	0	0	0	0	0	0	0	0	0	0	0	0	0	0	0	0	0	1	0	0	0	0	1	2	0	0	0	0	0	0	0	0	0	0	0
YGR287C	0	0	0	0	0	0	0	0	0	0	0	0	0	0	0	0	0	0	0	0	0	0	0	0	0	0	0	0	0	0	0	0	1	0	3	0	0	1	0	0	1	1	1	0	0	0	0	0
YDL184C	10	3	11	18	11	12	15	14	23	25	17	18	52	34	21	71	34	51	106	54	94	131	103	78	678	119	141	845	177	1216	1152	1134	1588	1209	1188	1556	901	1183	976	667	588	147	137	48	66	5	2	10
YGR130C	0	0	0	0	0	0	0	0	0	0	0	0	0	0	0	0	0	0	2	0	0	0	0	0	2	0	0	0	0	0	0	1	4	0	0	0	0	1	0	0	0	0	0	0	0	0	0	0
YDL192W	0	0	1	2	1	2	0	3	0	1	3	3	4	2	0	0	0	3	0	1	4	2	1	3	9	5	2	18	0	16	16	7	42	28	22	37	13	39	53	13	12	2	1	2	1	0	0	0
YMR170C	0	0	0	2	0	0	1	1	0	0	0	0	0	0	0	0	0	0	0	0	2	0	3	0	4	1	0	10	0	3	15	6	19	6	28	17	3	25	32	3	12	3	1	3	0	0	0	0
YCR106W	0	0	0	0	0	0	0	0	0	0	0	0	0	0	0	0	0	0	0	0	0	0	2	1	0	0	0	1	0	1	0	0	0	0	8	2	1	1	1	0	0	0	0	0	0	0	0	0
YGL066W	0	0	1	0	0	0	0	2	0	0	0	0	0	0	0	0	0	0	0	0	0	0	0	0	0	0	0	0	0	0	0	0	2	0	0	0	0	0	0	0	0	0	0	0	0	0	0	0
YDR502C	3	0	2	0	1	1	1	6	4	1	5	1	1	1	2	2	0	0	2	1	1	5	3	1	19	5	4	52	15	46	42	40	94	46	85	77	32	70	85	11	75	16	11	11	2	0	2	1
YER062C	0	0	0	1	0	0	0	0	0	0	0	0	0	0	0	0	0	1	4	0	0	0	0	1	0	0	0	0	0	3	0	0	7	0	0	4	0	0	5	0	0	3	0	0	0	0	0	0
YGL261C	0	0	0	0	0	0	0	0	0	0	0	0	0	0	0	0	0	0	0	0	0	0	0	0	0	0	0	0	0	1	4	0	0	2	0	1	0	0	0	0	0	0	0	0	0	0	0	0
YPL282C	0	0	0	0	0	0	0	0	0	0	0	0	0	0	0	0	0	0	0	0	0	0	0	0	0	0	0	0	0	0	1	0	0	0	0	1	2	0	0	0	0	0	0	0	0	0	0	0
YMR158C-A	0	0	0	0	0	0	0	0	0	0	0	0	0	0	0	2	0	0	0	0	0	0	0	0	0	0	0	0	0	0	0	0	0	0	0	0	0	0	0	0	0	0	0	0	0	0	0	0
YIL148W	8	10	32	27	17	26	17	30	41	15	23	29	25	36	19	46	26	25	33	24	46	45	65	63	308	108	137	739	164	925	710	890	2023	1007	1308	2703	722	1588	1515	403	740	179	291	118	34	25	4	5
YDL130W	1	2	3	2	7	8	1	20	0	1	8	4	5	14	8	5	6	1	3	12	4	4	11	15	41	25	12	138	26	125	95	203	367	106	291	221	39	180	209	11	138	48	4	22	0	0	0	1
YLR310C	0	0	0	0	1	0	0	0	0	0	0	0	0	0	0	0	0	0	0	0	0	0	0	0	0	0	0	0	0	0	0	0	0	0	0	0	0	0	0	0	0	0	0	0	0	0	0	0
YPL079W	5	10	6	9	12	3	12	32	6	14	15	15	13	16	9	29	29	6	40	35	28	32	53	47	198	73	56	364	120	681	325	746	890	486	1161	760	340	963	747	174	767	129	85	91	11	9	2	4
YDR443C	0	0	0	0	0	0	0	0	0	0	0	0	0	0	1	1	0	0	0	0	0	0	0	0	0	0	0	0	0	2	0	0	0	0	0	0	0	0	0	0	0	0	0	0	0	0	0	0
YFR008W	0	0	0	0	0	0	0	1	0	0	0	0	0	0	0	0	0	0	0	0	0	0	0	0	0	0	0	0	0	0	0	1	0	0	1	0	1	0	0	0	0	0	0	0	0	0	0	0
YLR155C	0	0	0	0	0	0	0	0	0	0	0	0	0	0	0	0	0	0	0	0	0	2	0	0	0	0	0	4	0	2	4	2	4	7	4	5	3	7	2	0	3	0	0	0	2	0	0	0
YBL087C	5	4	10	5	6	12	8	23	11	10	11	20	14	32	13	40	22	20	35	42	42	54	59	49	326	92	77	566	133	623	656	744	1118	639	1365	1189	317	1110	781	268	589	82	78	41	14	2	2	2
YBL024W	0	0	0	0	0	0	0	0	0	0	0	0	0	0	0	0	1	0	0	0	0	0	0	0	0	0	0	0	0	0	0	0	0	0	0	0	0	0	0	0	0	0	0	0	0	0	0	0
YDL075W	0	2	0	0	0	1	0	3	2	2	1	1	0	3	0	2	1	1	0	0	0	1	3	0	3	2	1	6	0	4	0	1	5	1	0	15	0	1	8	0	0	0	0	0	1	0	0	0
YGL058W	0	0	0	0	0	0	0	0	0	0	0	0	0	0	0	0	0	0	0	0	0	0	0	0	0	0	0	2	0	2	0	0	0	0	1	0	0	0	2	0	0	0	0	0	0	0	0	0
YDL061C	1	2	2	0	1	6	1	1	0	2	4	1	1	4	1	1	1	1	2	2	0	0	7	0	11	10	0	24	2	25	1	26	78	0	46	44	2	4	13	0	0	1	0	0	0	0	0	0
YLR441C	8	5	1	9	17	5	4	8	12	9	20	10	12	29	11	20	14	13	30	15	37	34	41	24	123	55	42	198	82	247	330	430	530	375	505	580	207	550	485	185	337	66	94	43	13	2	1	4
YEL054C	6	4	6	15	10	4	18	9	14	12	10	14	11	20	9	22	20	8	25	19	16	37	38	22	213	41	31	390	77	284	408	567	680	419	809	619	293	707	322	200	397	80	90	35	18	6	2	5
YDL248W	0	0	0	0	0	2	0	0	0	1	1	0	2	0	0	0	0	0	0	0	1	4	3	4	10	0	8	15	11	23	26	23	65	17	61	86	32	66	28	23	36	16	3	7	7	0	0	0
YKR092C	0	0	0	0	0	0	3	0	0	0	0	0	0	0	0	0	0	0	0	0	0	0	0	0	3	0	0	3	0	0	6	0	0	0	0	0	0	2	0	0	1	0	0	0	0	0	0	0
YOR259C	0	0	0	0	2	0	0	1	1	0	0	0	0	0	0	0	0	0	2	0	0	0	0	0	0	0	0	0	0	0	0	0	0	0	0	0	0	0	0	0	0	0	0	0	0	0	0	0
YNL034W	0	0	0	0	0	0	0	0	0	0	0	0	0	0	0	0	0	0	0	0	0	0	0	0	0	0	0	0	0	0	0	0	0	0	0	1	0	0	0	0	3	1	0	0	0	0	0	0
YNL018C	0	0	0	0	0	0	0	0	0	0	0	0	0	0	0	0	0	0	0	0	0	0	0	0	0	0	0	0	0	0	0	0	0	0	0	1	0	0	0	0	3	1	0	0	0	0	0	0
YDR447C	4	3	8	8	15	14	11	9	19	17	25	18	14	18	22	25	27	15	22	20	22	31	36	17	170	50	58	355	66	415	322	437	657	568	886	777	314	800	543	177	444	85	118	38	6	5	0	6
YIL173W	0	0	0	0	0	0	0	1	0	0	0	1	0	0	0	0	0	0	0	0	0	0	0	0	1	0	1	5	2	7	3	7	13	10	11	23	4	16	9	4	5	3	1	0	1	0	0	0
YJR009C	169	149	148	194	375	215	257	400	234	277	472	240	381	590	247	654	538	357	707	668	570	1086	1216	793	5792	1631	1378	10600	2542	11718	12119	17083	21760	15738	27453	24297	8735	28678	19323	6166	21429	2870	3462	2402	478	420	143	137
YLL024C	54	53	67	51	145	106	110	172	94	91	192	152	159	281	108	269	275	201	312	342	364	418	599	385	2567	720	631	4612	1217	6127	5859	8362	10482	7781	13666	11517	4390	14273	9959	3369	10115	1626	1809	1221	192	160	73	84
YJL159W	6	12	6	5	37	24	8	21	5	24	14	17	31	26	14	31	59	32	44	31	45	58	79	51	356	47	86	577	141	780	502	766	1193	765	1181	974	626	1036	921	429	790	102	213	81	25	5	7	2
YDL243C	0	0	0	0	0	0	0	0	0	0	0	0	0	0	0	0	0	0	0	0	0	0	0	0	0	0	0	0	0	0	0	0	1	1	0	0	0	0	1	0	0	0	0	0	0	0	0	0
YOR375C	0	0	0	0	0	0	0	0	0	0	0	0	0	0	0	0	0	0	0	0	0	0	0	0	7	0	0	12	0	2	0	9	9	2	20	2	1	1	1	0	4	0	0	0	0	0	0	0
YHL048W	0	0	0	0	0	0	0	0	0	0	1	0	0	0	0	0	0	0	0	0	0	0	0	0	1	0	2	4	2	17	4	11	16	4	9	12	1	17	11	2	8	1	0	1	3	0	0	0
YDR033W	0	0	0	0	0	0	0	0	0	0	0	0	0	0	0	0	0	2	0	0	0	2	0	0	0	1	0	0	0	2	1	0	1	2	1	4	4	0	6	2	0	0	0	0	0	0	0	0
YNL209W	46	34	52	54	91	59	73	103	87	95	126	97	118	183	91	190	174	146	226	230	253	260	397	259	1862	547	507	3135	792	4420	3694	5691	7367	4955	8986	7683	2866	8879	6233	1990	6642	1000	1143	781	142	78	29	58
YOR293W	1	1	0	1	3	3	2	14	1	7	3	4	3	6	15	11	5	7	11	7	12	17	9	22	69	13	18	202	8	98	36	51	200	80	101	155	82	51	184	55	61	37	17	11	5	0	0	0
YJL114W	0	0	0	0	0	0	0	0	0	0	0	0	0	0	0	0	0	1	0	0	0	0	0	0	0	0	0	0	0	0	1	0	2	0	0	0	0	0	2	0	0	0	0	0	0	1	0	0
YLR367W	1	2	4	0	4	0	1	3	0	2	2	1	5	9	2	6	2	5	9	8	7	1	16	3	20	15	3	40	17	29	31	60	45	23	46	40	12	65	32	13	14	3	5	0	0	0	1	0
YAR020C	0	0	0	0	0	0	0	0	0	0	0	0	0	0	0	0	0	0	0	0	0	0	0	0	0	0	0	0	0	0	0	0	1	0	0	1	0	0	0	0	0	0	0	0	0	0	0	0
YKL105C	0	0	0	0	2	0	0	0	0	0	2	0	0	0	0	0	0	0	0	0	0	0	0	0	0	0	0	0	0	0	0	0	0	0	0	0	0	0	0	0	0	0	0	0	0	0	0	0
YMR124W	0	0	0	0	0	0	0	1	0	0	0	0	0	0	0	0	0	0	0	0	0	0	0	0	0	0	0	0	0	0	0	0	0	0	0	0	0	0	0	0	0	0	0	0	0	0	0	0
YPR154W	0	0	0	0	1	0	0	0	0	0	0	0	0	0	0	0	0	0	0	0	0	0	0	0	0	0	0	0	0	0	0	0	0	0	0	0	0	0	0	0	0	0	0	0	0	0	0	0
YJL041W	0	0	0	0	0	0	0	2	0	0	0	0	0	0	0	0	0	0	0	0	2	0	0	0	8	10	10	26	4	50	26	32	60	40	36	60	16	58	66	6	26	8	4	2	0	0	0	0
YHR131C	0	1	0	0	0	0	0	0	0	0	0	0	0	0	0	0	0	0	0	0	0	0	0	0	0	0	0	2	0	0	0	0	0	0	2	0	0	0	0	0	0	0	0	0	0	0	0	0
YAR068W	0	0	0	0	0	0	0	0	0	0	0	0	0	0	0	0	0	0	0	0	0	0	0	0	0	0	0	0	0	1	0	0	0	2	0	0	0	0	0	0	0	0	0	0	0	0	0	0
YHR043C	0	0	0	0	0	0	0	0	0	0	0	0	0	0	0	0	0	1	0	0	0	1	0	1	4	0	2	5	0	5	13	16	9	6	5	15	5	12	9	2	6	1	3	0	0	0	0	0
YFR024C-A	0	0	0	0	1	0	0	0	0	0	1	0	0	0	0	0	0	0	0	0	0	0	0	0	0	0	0	0	0	0	0	0	0	0	0	0	0	0	0	0	0	0	0	0	0	0	0	0
YFR031C-A	10	8	19	25	27	28	26	37	43	33	66	52	41	74	47	59	57	52	92	80	83	99	164	110	569	227	186	1363	280	1704	1424	1998	3431	1883	3543	3553	1164	3299	3265	788	2617	600	416	337	84	30	36	44
YJL052W	76	67	71	77	162	117	116	191	125	133	196	125	175	242	120	282	283	226	351	304	303	602	503	435	2571	771	749	4917	1154	5688	6098	6871	10803	6110	11165	12790	4165	12158	8914	3166	7976	1675	1697	812	223	190	32	77
YLR104W	0	0	0	0	0	0	0	0	0	0	1	0	0	0	1	0	0	0	0	0	0	0	0	0	0	0	0	0	0	0	0	0	0	0	0	0	0	0	0	0	0	0	0	0	0	0	0	0
YOL121C	3	10	11	5	2	7	11	8	13	7	10	9	10	14	13	25	18	8	12	15	20	23	28	23	186	43	42	363	50	392	380	367	661	346	432	592	187	398	506	71	303	90	42	15	11	4	2	2
YEL076C-A	0	0	1	0	0	0	0	0	0	0	0	0	0	1	0	0	0	0	1	0	0	0	1	0	6	1	0	1	1	6	2	7	12	12	14	15	8	12	13	10	8	3	0	1	0	0	0	0
YGL076C	16	14	27	22	39	41	25	50	36	30	61	49	45	83	39	80	55	66	89	100	92	159	141	141	792	199	203	1257	373	1728	1868	2407	3365	1987	3865	3799	1325	4279	2861	1059	3220	535	561	431	154	76	38	38
YNL333W	0	0	0	0	0	0	0	0	0	0	0	0	0	0	0	1	0	0	0	0	0	0	0	0	1	1	0	3	1	8	1	4	8	3	9	16	2	5	4	2	2	0	1	0	0	0	0	0
YMR304C-A	0	0	0	0	0	0	0	0	0	0	0	0	0	0	0	0	1	0	0	0	0	1	1	0	0	0	1	0	7	1	0	15	0	2	0	0	0	0	2	0	0	0	0	0	0	0	0	0
YJL223C	0	0	0	0	0	0	0	0	0	0	0	0	0	0	0	0	0	0	0	0	0	0	0	0	0	0	0	0	0	0	4	0	0	2	0	1	1	1	0	0	0	0	0	0	0	0	0	0
YMR169C	0	0	0	2	0	0	1	1	0	0	0	0	0	0	0	0	0	0	0	0	2	0	3	0	4	1	0	10	0	3	15	6	19	6	28	17	3	25	32	3	12	3	1	3	0	0	0	0
YML074C	0	0	0	0	1	1	0	0	0	0	0	0	0	0	0	0	0	0	0	0	0	0	0	0	0	0	0	0	0	2	0	0	0	0	0	0	0	1	0	0	0	1	1	0	0	0	0	0
YCR031C	8	0	6	8	4	5	10	9	10	9	4	8	21	11	4	16	19	8	20	15	16	23	32	26	146	47	39	258	51	259	303	447	395	326	695	486	146	579	349	105	321	26	48	47	5	5	3	1
YPR080W	236	253	313	281	511	386	396	550	386	483	692	512	706	988	474	1183	963	817	1294	1226	1448	2044	2419	1534	12996	3123	3264	20816	5209	25063	26320	35177	44031	32386	54428	50848	16854	56370	39805	11862	40326	6924	7904	4901	1208	745	351	403
YDR418W	6	4	6	15	10	4	18	9	14	12	10	14	11	20	9	22	20	8	25	19	16	37	38	22	214	39	32	391	76	284	406	567	682	419	811	617	291	707	324	200	397	80	90	35	18	6	2	5
YDR471W	0	0	0	4	2	0	0	2	0	2	1	0	2	1	1	1	0	0	2	3	2	2	4	0	15	1	0	24	2	37	18	16	46	26	50	23	1	14	33	0	5	0	0	0	1	0	0	0
YMR173W-A	7	4	0	13	8	0	9	6	0	19	15	20	35	3	6	27	14	4	25	19	24	62	15	28	49	22	96	57	195	206	463	397	182	746	489	410	653	538	146	687	67	99	72	4	51	0	19	2
YPL279C	0	0	0	0	0	0	0	0	0	0	0	0	0	0	0	1	0	1	0	0	0	0	1	0	3	1	2	10	1	7	8	7	14	7	9	21	7	11	8	7	6	7	1	1	4	0	0	1
YPL281C	1	0	0	0	0	0	0	0	0	0	0	0	0	0	0	0	0	0	0	0	0	0	0	0	0	0	0	0	0	0	0	0	0	0	0	1	0	0	0	0	0	0	0	0	0	0	0	0
YGR109W-A	0	0	0	0	0	0	0	0	0	0	0	0	0	0	0	0	0	0	0	0	0	0	0	0	0	0	0	1	0	2	2	1	2	0	0	0	0	0	4	0	0	1	0	0	0	0	0	0
YIL152W	0	0	0	0	0	0	0	1	0	0	0	0	0	0	0	0	0	0	0	0	0	0	0	0	0	0	0	0	0	0	0	0	0	0	0	0	0	0	0	0	0	0	0	0	0	0	0	0
YPR108W-A	0	0	0	0	1	0	0	2	1	0	0	5	0	3	0	7	0	1	0	9	1	0	19	1	8	8	4	0	156	0	2	309	22	6	32	49	0	9	6	0	2	1	0	0	1	0	0	1
YLR150W	0	3	0	0	0	0	0	0	0	0	0	0	0	0	0	0	0	0	0	0	0	0	0	0	0	0	0	0	0	0	0	0	0	0	0	0	0	0	0	0	0	0	0	0	0	0	0	0
YLR344W	6	3	3	1	3	2	3	7	3	3	10	2	5	12	9	13	15	8	2	11	11	19	19	19	82	19	35	178	27	183	208	168	482	223	288	454	131	340	306	82	261	98	39	48	9	14	2	1
YLR449W	0	0	0	0	0	3	0	1	0	0	0	0	0	0	0	0	0	0	0	0	0	0	0	0	0	0	0	0	0	6	0	0	0	0	0	1	0	1	0	0	0	0	0	0	0	0	0	0
YPL240C	22	5	18	16	36	20	23	30	13	14	31	22	32	30	28	58	50	36	53	53	61	71	82	96	348	136	96	589	147	907	668	1052	1495	854	1931	1288	615	1609	1165	376	1248	263	236	227	27	30	13	6
YPR021C	0	1	0	0	0	0	0	0	0	0	0	0	0	0	0	0	0	0	0	0	0	0	0	0	0	0	0	0	0	0	0	0	0	0	0	0	0	0	0	0	0	0	0	0	0	0	0	0
YLR044C	19	29	40	21	69	46	28	62	39	32	73	54	30	75	60	48	73	43	54	61	47	54	112	69	442	157	105	808	240	846	887	1100	1346	1194	1762	1060	400	1585	1111	211	1078	161	92	122	27	9	10	9
YHR096C	0	0	0	0	0	0	0	0	0	0	0	0	0	0	0	0	1	1	1	0	0	0	0	0	1	0	0	2	0	11	7	0	9	12	8	10	4	6	13	10	6	0	2	0	1	0	0	0
YBL002W	0	0	0	0	1	0	0	0	0	2	0	0	0	2	1	5	2	0	2	3	2	0	1	1	2	3	0	23	4	7	7	12	10	9	50	4	5	19	0	0	14	0	1	2	0	0	0	0
YDR174W	0	0	0	0	1	0	0	0	0	0	0	0	0	0	0	0	0	0	0	0	0	0	0	0	0	0	0	0	0	0	0	0	0	0	0	0	0	0	0	0	0	0	0	0	0	0	0	0
YEL070W	0	0	0	0	0	0	0	0	0	0	0	0	0	0	0	0	0	0	0	0	0	0	0	0	0	0	1	2	0	1	1	1	1	2	6	2	0	4	0	0	2	0	0	0	0	0	0	0
YOR071C	0	0	0	0	0	0	0	0	0	0	0	0	0	0	0	0	0	0	0	0	0	0	0	0	0	0	1	0	0	1	0	1	1	1	0	0	0	1	1	0	1	0	0	0	0	0	0	0
YML073C	1	4	2	7	3	1	4	1	4	5	0	2	1	6	3	10	9	10	8	4	6	7	23	15	52	22	14	107	33	108	127	173	176	138	243	236	110	209	107	82	114	38	28	5	7	1	0	2
YCR038C	0	0	0	0	0	0	0	0	0	0	1	0	0	0	0	0	0	0	1	0	0	0	0	0	0	0	0	1	0	2	2	1	0	2	5	1	1	4	4	0	1	0	0	1	0	0	0	0
YFL023W	0	0	0	0	0	0	0	0	0	0	0	0	0	0	0	0	0	0	0	0	0	0	0	0	0	0	0	0	0	2	4	0	2	0	0	6	0	0	0	2	0	0	0	0	0	0	0	0
YHR174W	122	124	145	143	288	189	192	273	188	191	323	243	258	482	217	530	442	296	512	557	585	716	1078	747	4462	1398	1011	8642	1992	9558	9193	14126	18370	12165	23415	19859	6507	21519	16153	4362	18370	2454	2910	2446	318	256	99	67
YNL014W	4	0	0	0	1	0	4	0	2	5	1	1	0	3	3	2	2	7	1	2	7	3	5	5	27	6	15	53	10	80	80	42	105	69	83	146	59	74	49	26	10	11	5	1	2	2	0	0
YPR042C	0	0	0	0	0	0	0	0	0	0	0	0	0	0	0	0	0	0	0	0	0	0	0	0	0	0	0	0	0	0	0	0	0	0	0	0	0	1	0	0	0	0	0	0	0	0	0	0
YCR102C	0	0	0	0	0	0	0	0	0	0	0	0	0	0	0	0	0	0	0	0	0	0	0	0	0	0	0	0	0	0	0	1	0	2	0	0	0	2	0	1	1	0	0	0	0	0	0	0
YBR093C	1	0	1	1	0	1	1	4	3	2	0	1	0	2	2	1	6	2	4	2	1	9	2	5	29	7	7	40	12	55	44	82	90	57	115	114	23	97	83	25	73	13	15	8	1	6	0	1
YKR106W	0	0	0	0	0	0	0	0	0	0	0	0	0	0	0	2	0	0	0	0	0	0	0	0	0	0	0	0	0	0	0	1	0	0	0	0	0	0	1	0	0	0	0	0	0	0	0	0
YBR108W	0	0	0	0	0	0	0	0	0	0	0	0	0	0	2	0	0	0	0	0	0	0	0	0	0	0	0	0	0	2	0	0	0	0	0	1	0	0	2	0	0	0	0	0	0	0	0	0
YML085C	0	0	0	0	0	0	0	0	0	0	0	0	0	0	1	0	0	0	0	0	0	0	0	0	1	0	0	0	0	1	1	4	1	0	1	0	0	0	0	0	0	0	0	0	0	0	0	0
YLR134W	14	29	39	21	67	44	26	59	38	30	70	52	28	75	52	48	62	42	46	57	43	55	108	65	440	146	105	798	232	849	886	1100	1335	1193	1762	1053	400	1587	1106	211	1079	161	91	122	28	9	10	9
YJL145W	0	0	1	0	0	0	0	0	0	0	0	0	0	0	0	0	0	0	0	0	0	0	0	0	0	0	0	0	0	0	0	0	0	0	0	0	0	0	0	0	0	0	0	0	0	0	0	0
YML103C	0	0	0	0	0	0	0	0	0	0	0	0	0	1	0	0	0	0	0	0	0	0	0	0	0	0	0	0	0	0	0	0	0	0	0	0	0	0	0	0	0	0	0	0	0	0	0	0
YCR041W	0	0	0	0	0	0	0	0	0	0	0	0	0	0	0	0	0	0	0	0	0	0	0	0	0	0	0	0	0	0	0	0	0	0	0	1	1	0	0	1	3	0	0	0	0	0	0	0
YOR390W	0	0	0	0	0	0	0	0	0	0	0	0	0	0	0	1	0	1	0	0	0	0	1	0	3	1	2	10	1	7	8	7	14	7	9	21	7	11	8	7	6	7	1	1	4	0	0	1
YER066W	0	0	0	2	0	0	0	0	0	0	0	0	0	0	0	0	0	0	0	0	2	1	0	0	2	0	0	2	0	0	0	3	2	4	6	1	1	6	3	0	2	0	0	0	0	0	0	0
YAL068C	0	0	0	0	0	0	0	0	0	0	0	0	0	0	0	0	0	0	0	0	0	0	0	0	0	0	0	0	0	1	4	0	1	0	0	1	0	0	0	0	0	0	0	0	0	0	0	0
YGL031C	2	4	11	6	8	0	5	13	2	11	10	7	10	9	10	16	25	7	25	22	9	35	29	28	196	39	24	225	47	295	288	407	406	245	576	358	164	552	235	84	295	23	51	25	4	5	0	1
YIL053W	0	0	1	1	0	0	0	0	0	0	0	0	0	0	0	0	0	1	4	0	0	0	0	1	0	0	0	0	0	3	0	0	7	0	0	4	0	0	5	0	0	3	0	0	0	0	0	0
YLR249W	4	0	0	0	1	0	4	3	3	5	3	1	0	4	3	2	2	7	1	2	7	3	5	5	27	6	15	53	10	81	80	42	105	69	83	146	59	74	49	26	10	11	5	1	2	2	0	0
YPL231W	0	0	0	0	1	0	0	0	0	0	0	0	0	0	0	0	0	0	0	0	0	0	0	0	0	0	0	0	0	0	0	0	0	0	0	0	0	0	0	0	0	0	0	0	0	0	0	0
YDR012W	29	32	31	37	55	42	55	71	64	76	94	73	80	113	59	153	97	116	133	152	142	213	303	213	1370	343	327	2318	598	3124	3036	3892	5818	3885	6590	6734	2235	6509	5422	1509	4812	932	1111	502	157	115	22	49
YIL066C	0	0	0	0	0	0	0	0	0	0	0	0	0	0	0	0	0	0	1	0	3	0	0	0	1	0	0	3	0	2	0	0	1	1	3	6	0	1	0	0	0	3	0	0	0	0	0	0
YDL082W	4	5	7	5	16	12	15	13	8	9	15	13	14	16	6	17	14	6	19	14	20	29	43	38	147	37	34	260	45	420	223	365	652	360	556	508	183	539	450	122	448	75	79	34	10	6	3	0
YGL253W	0	0	0	0	0	0	0	0	0	0	0	0	0	0	0	0	0	1	0	0	0	0	0	1	0	0	0	0	0	0	0	0	3	0	0	3	0	0	0	0	0	0	0	0	0	0	0	0
YDR345C	2	2	0	0	2	2	1	1	0	5	0	0	1	2	0	3	1	1	3	1	3	8	2	2	18	6	3	48	7	35	36	40	96	46	99	94	42	96	45	27	41	16	16	11	4	1	0	0
YJL177W	3	3	8	9	6	2	4	9	4	9	9	10	12	14	5	14	10	6	14	15	15	20	24	16	74	32	31	128	52	277	98	235	370	153	287	434	85	246	238	35	129	20	17	11	4	0	0	0
YMR230W	1	1	0	1	3	3	2	14	1	7	3	4	3	6	15	11	5	7	11	7	12	17	9	22	69	13	18	202	8	98	36	51	200	80	101	155	82	51	184	55	61	37	17	11	5	0	0	0
YFL058W	0	0	0	0	0	0	0	0	0	0	0	0	0	0	2	0	0	0	0	0	0	0	0	3	0	0	0	1	3	1	0	2	4	3	0	0	2	2	1	0	0	0	0	0	0	0	0	0
YBR299W	0	0	0	0	0	0	0	0	0	0	0	0	0	0	0	0	0	0	0	0	0	0	0	0	1	0	0	0	2	0	4	0	4	2	2	2	0	1	1	2	0	1	1	0	0	0	0	0
YOR108W	0	0	1	0	0	1	0	0	0	2	0	1	0	0	0	0	0	0	2	0	1	0	0	5	2	0	0	6	1	11	8	8	17	7	10	15	4	4	7	6	4	0	0	1	0	0	0	0
YPL081W	2	9	5	5	12	8	3	5	7	3	6	10	16	18	8	6	16	17	17	21	12	24	35	25	100	28	41	178	56	301	203	335	586	295	565	578	140	397	356	97	265	51	65	24	9	2	2	3
YER102W	26	19	19	23	25	42	37	29	20	50	59	53	62	76	34	95	81	71	84	104	121	137	187	176	935	234	293	1923	375	2296	2189	2564	3918	2533	4485	4312	1558	4079	3392	1091	2671	629	536	390	110	43	13	25
YHR052W-A	0	0	0	0	0	0	0	0	0	0	0	0	0	1	0	0	0	0	3	0	0	0	1	0	2	0	0	2	0	1	0	3	3	1	7	1	2	3	0	1	0	1	1	0	0	0	0	0
YHR054C	0	0	1	1	0	0	0	3	3	0	0	1	1	1	0	4	2	0	0	1	0	1	1	0	3	0	1	4	2	7	18	19	22	8	33	32	12	30	25	10	26	7	2	1	2	1	0	0
YJR161C	0	0	0	0	0	2	0	0	0	1	0	0	3	1	0	0	0	0	0	0	1	4	3	5	11	1	6	9	8	21	11	27	60	25	60	72	24	59	31	18	40	15	4	1	9	0	0	1
YHR216W	1	4	0	2	1	1	1	1	0	3	0	1	0	2	2	3	1	3	4	2	7	13	5	5	23	4	7	42	9	78	43	74	113	65	134	170	37	135	110	33	70	18	15	13	3	0	2	1
YKL172W	0	0	0	0	1	3	0	0	0	0	0	0	0	0	0	0	0	0	0	0	0	0	0	0	0	0	1	0	0	3	0	0	0	0	1	0	0	0	1	0	0	0	0	0	0	0	0	0
YNL336W	0	0	0	0	0	2	0	0	0	1	1	0	3	1	0	1	0	1	0	0	1	5	4	3	13	1	8	22	13	35	38	35	85	29	75	110	39	95	40	29	54	21	4	6	8	0	0	1
YMR039C	0	1	0	0	0	0	0	0	0	0	0	0	0	0	0	0	0	0	0	0	0	0	0	0	0	0	0	0	0	0	0	0	0	0	0	0	0	0	0	0	0	0	0	0	0	0	0	0
YDR034C-D	5	0	7	3	2	2	5	8	4	2	14	13	8	14	13	17	8	11	10	10	23	24	20	29	76	39	36	187	47	271	188	325	498	260	490	586	209	496	477	147	322	113	64	46	25	14	3	2
YLR206W	0	0	0	0	0	0	0	0	0	0	0	0	0	0	0	0	0	0	0	0	0	0	0	0	0	0	0	0	0	0	0	0	1	1	0	0	0	0	0	0	0	0	0	0	0	0	0	0
YBR300C	0	0	0	0	0	0	0	0	0	0	0	0	0	0	0	0	0	0	0	0	0	0	0	0	0	0	0	0	0	0	0	0	0	0	0	0	0	0	2	0	0	0	0	0	0	0	0	0
YDR034C-C	5	0	3	1	2	1	1	5	3	2	9	9	6	7	7	12	5	5	2	3	17	12	11	15	40	20	19	103	21	162	93	163	277	142	241	325	121	235	250	87	189	56	33	20	7	11	2	2
YEL036C	0	0	0	0	0	0	0	0	0	0	0	0	0	0	0	0	1	0	0	0	0	0	0	0	0	0	1	0	0	0	0	1	0	0	1	2	0	3	0	0	0	0	0	0	0	0	1	0
YHR010W	0	0	0	4	2	0	0	2	0	2	1	0	2	1	1	1	0	0	2	3	2	2	4	0	15	1	0	24	2	37	18	16	46	26	50	23	1	14	33	0	5	0	0	0	1	0	0	0
YDR508C	0	0	0	0	0	0	1	0	0	0	0	0	0	0	0	0	0	0	1	0	0	1	0	0	1	0	0	2	0	0	0	5	0	3	0	1	1	4	0	1	0	0	1	0	0	0	0	0
YER056C	0	0	0	0	0	1	0	0	0	0	1	0	0	1	0	0	0	0	0	1	7	0	0	3	0	1	0	2	2	12	6	10	20	14	13	28	6	15	18	1	10	0	2	2	0	0	0	0
YCR067C	0	0	0	0	0	0	0	0	0	0	0	0	0	0	0	2	0	0	0	0	0	0	0	4	0	0	0	0	0	0	0	0	0	0	0	0	0	0	0	0	0	0	0	0	0	0	0	0
YML063W	8	5	1	9	17	5	4	8	12	9	20	10	12	29	11	20	14	13	30	15	37	34	41	24	123	55	42	199	81	247	330	430	530	375	507	578	206	551	485	185	337	66	94	43	13	2	1	4
YAL035W	0	0	0	0	0	3	0	1	0	0	0	0	0	0	0	0	0	0	0	0	0	0	0	0	0	0	1	0	0	4	0	0	0	0	0	0	0	1	1	0	0	0	0	0	0	0	0	0
YFR053C	0	0	0	0	0	0	0	0	0	0	0	0	0	0	0	0	0	1	0	0	0	0	0	1	0	0	0	0	0	0	0	0	3	0	0	3	0	0	0	0	0	0	0	0	0	0	0	0
YDR001C	0	0	0	0	0	0	0	0	0	0	0	0	0	0	0	0	1	0	0	0	0	0	0	0	0	0	0	0	0	0	0	1	0	0	1	0	0	0	0	0	0	0	0	0	0	0	0	0
YDR060W	0	0	0	0	1	0	0	0	0	0	0	0	0	0	0	0	0	0	0	0	0	0	0	0	0	0	0	0	0	0	0	0	0	0	0	0	0	0	0	0	0	0	0	0	0	0	0	0
YBL072C	26	19	19	23	25	42	37	29	20	50	59	53	62	76	34	95	81	71	84	104	121	136	188	176	936	235	291	1922	377	2295	2188	2568	3915	2537	4484	4309	1560	4075	3394	1091	2670	630	537	390	109	43	13	25
YCR089W	0	0	0	0	0	0	0	0	0	0	0	0	0	0	0	0	0	0	0	0	0	0	0	0	0	0	0	0	0	0	0	0	0	0	0	2	0	0	0	0	0	0	0	0	0	0	0	0
YKR013W	0	0	0	0	0	0	0	0	0	0	0	0	0	0	0	0	0	0	0	0	0	0	0	1	0	0	0	0	0	0	0	0	0	0	0	0	0	0	0	0	0	0	0	0	0	0	0	0
YHR135C	0	0	0	0	0	1	0	0	0	0	0	0	0	0	0	0	0	0	0	0	0	0	0	0	0	0	0	0	0	0	0	0	0	0	0	0	0	0	0	0	0	0	0	0	0	0	0	0
YBL011W	0	0	0	0	0	0	0	0	0	0	0	0	0	0	0	0	0	0	0	0	0	0	0	0	0	0	0	0	0	3	0	1	0	0	0	0	0	0	0	0	0	0	0	0	0	0	0	0
YBR001C	0	0	0	0	0	0	0	0	0	0	0	0	0	0	0	0	1	0	0	0	0	0	0	0	0	0	0	0	0	0	0	1	0	0	1	0	0	0	0	0	0	0	0	0	0	0	0	0
YGL025C	0	0	0	0	0	0	0	0	0	0	0	0	0	0	0	0	0	0	0	0	0	0	0	1	0	0	0	0	0	0	0	0	0	0	0	0	0	0	0	0	0	0	0	0	0	0	0	0
YER060W-A	0	0	0	0	0	1	0	0	0	0	1	0	0	1	0	0	0	0	0	1	7	0	0	3	0	1	0	2	2	12	6	10	19	14	14	29	6	15	19	1	10	0	2	2	0	0	0	0
YOR317W	0	0	0	0	0	0	0	0	0	0	0	0	0	0	0	0	0	0	0	0	0	0	0	0	0	0	0	0	0	0	0	0	0	0	0	1	0	0	0	0	0	0	0	0	0	0	0	0
YBR181C	14	27	22	30	54	41	30	40	30	43	79	54	58	81	49	102	108	85	114	121	125	182	203	179	1085	258	337	1834	465	2653	2403	2802	4597	2874	4843	5257	1688	4879	3721	1425	3157	602	537	359	120	57	28	32
YOR167C	0	0	3	1	1	1	0	0	0	2	0	3	3	0	1	1	0	0	1	1	4	4	6	2	17	5	3	34	2	94	45	11	97	37	11	19	31	8	12	4	6	2	19	0	0	0	0	0
YMR263W	0	0	0	0	0	0	0	0	0	0	0	0	0	0	0	0	0	0	0	0	0	0	0	0	0	0	0	0	0	0	0	0	1	0	0	0	0	0	0	0	0	0	0	0	0	0	0	0
YJR155W	0	0	0	0	0	0	0	0	0	0	0	0	0	0	0	0	0	0	0	0	0	0	0	0	0	0	0	0	0	0	0	0	0	0	0	0	4	0	0	0	0	0	0	0	0	0	0	0
YOR383C	0	0	4	3	0	0	0	0	0	0	0	2	0	0	0	4	0	0	0	4	0	0	2	0	6	12	0	8	0	0	6	20	8	12	20	6	0	22	10	1	21	0	4	2	0	0	0	0
