YOR389W	0	0	0	0	0	0	0	0	0	1	0	1	2	0	1	5	2	2	3	1	9	5	16	4	95	19	6	60	8	69	21	3	34	1	7	7	0	3	0	0	0	0	0	0	0	0	0	0
YMR323W	0	0	0	0	0	0	0	0	0	0	0	0	0	0	0	0	0	1	0	1	0	0	2	0	13	1	0	2	0	9	0	0	1	0	0	0	0	0	0	0	0	0	0	0	0	0	0	0
YLR197W	0	0	0	0	0	0	0	0	0	0	0	0	0	0	0	0	0	0	1	0	0	0	0	0	1	0	0	0	0	0	0	1	0	0	0	0	0	0	0	0	0	0	0	0	0	0	0	0
YIL156W	0	0	0	0	0	0	0	0	0	0	0	0	0	0	0	1	0	0	0	0	0	0	0	0	0	0	0	0	0	0	0	0	0	0	0	0	0	0	0	0	0	0	0	0	0	0	0	0
YIL176C	0	0	0	0	0	0	0	0	0	0	0	0	1	0	1	0	0	0	0	0	0	0	1	0	8	0	0	1	1	3	1	1	2	0	0	1	0	0	0	0	0	0	0	0	0	0	0	0
YMR205C	0	0	0	0	0	0	0	0	0	0	0	0	0	0	2	0	0	0	0	0	0	0	0	0	0	0	0	0	0	0	0	0	0	0	0	0	0	0	0	0	0	0	0	0	0	0	0	0
YGR148C	1	0	1	0	1	0	14	1	1	7	1	7	54	69	28	339	43	33	149	60	152	275	978	115	6787	330	176	2112	226	3231	883	370	877	32	54	138	3	10	2	0	0	0	0	0	0	0	0	0
YKR059W	5	1	9	5	13	1	40	9	4	58	24	68	226	350	113	1376	289	241	1021	329	1111	2144	4240	665	38197	2196	1471	16825	1348	21129	7666	1979	7819	520	497	1955	13	103	46	3	0	2	0	0	0	0	0	0
YER131W	1	0	1	0	1	0	6	2	0	3	0	1	13	11	5	67	9	7	42	9	43	36	203	15	2060	87	23	657	54	682	290	85	168	15	15	58	1	2	0	0	0	0	0	0	0	0	0	0
YPL249C-A	2	0	0	0	3	0	3	2	0	9	2	3	25	22	5	180	19	39	156	57	125	454	579	88	7288	322	323	3556	346	3419	2587	1356	1006	72	329	459	5	219	6	0	0	0	1	0	0	0	1	0
YDR406W	0	0	0	0	0	0	0	0	0	0	0	0	0	1	1	0	0	0	0	0	1	0	0	0	0	0	0	0	0	0	0	0	0	0	0	0	0	0	0	0	0	0	0	0	0	0	0	0
YML017W	0	0	0	0	0	0	0	0	0	0	0	0	0	0	0	3	0	0	0	0	0	0	0	0	1	0	0	0	0	0	0	1	0	2	0	0	0	0	0	0	0	0	0	0	0	0	0	0
YHR077C	0	0	0	0	0	0	0	0	0	0	0	0	0	0	0	0	0	0	0	0	0	0	0	0	3	0	0	0	0	0	0	0	0	0	0	0	0	0	0	0	0	0	0	0	0	0	0	0
YBR135W	0	0	0	0	0	0	0	0	0	0	1	0	0	8	0	3	4	0	3	3	3	4	23	3	75	10	2	32	1	63	9	4	16	0	0	7	0	0	0	0	0	0	0	0	0	0	0	0
YLR233C	0	0	0	0	0	0	0	0	0	0	0	0	0	0	0	0	0	0	0	0	0	0	0	0	0	0	0	1	0	1	1	0	0	0	0	1	0	0	0	0	0	0	0	0	0	0	0	0
YKL224C	0	0	0	0	0	0	0	0	0	0	0	0	0	0	0	0	0	0	0	0	0	1	3	0	15	1	0	8	1	3	3	0	1	0	0	0	0	0	0	0	0	0	0	0	0	0	0	0
YLR048W	0	1	1	0	0	3	10	1	0	24	3	45	35	37	45	212	47	32	111	35	184	196	515	117	4538	265	101	1822	106	2022	501	92	674	39	48	88	1	3	2	0	0	0	0	0	0	0	0	0
YHR092C	0	0	0	0	0	0	0	0	0	5	0	2	11	17	10	54	25	10	58	8	38	33	108	20	850	72	24	842	26	526	152	31	754	16	16	42	0	1	0	0	0	0	0	0	0	0	0	0
YPR145W	0	0	1	1	0	0	1	1	0	0	0	2	5	34	2	55	5	3	29	42	43	108	227	20	1624	89	86	663	63	1020	299	143	211	12	15	74	0	6	0	0	0	0	0	0	0	0	0	0
YGL201C	0	0	0	0	0	0	0	0	0	0	0	0	0	0	0	0	0	0	0	0	0	1	2	0	18	4	0	4	2	3	4	0	2	0	1	0	0	0	0	0	0	0	0	0	0	0	0	0
YDR099W	1	0	0	0	5	0	1	2	0	10	10	3	7	108	6	77	132	8	47	34	43	34	205	20	629	148	60	479	41	523	106	43	232	18	14	64	4	2	5	1	0	0	0	0	0	0	0	0
YGR256W	0	0	0	0	0	0	0	0	0	0	0	0	0	0	0	0	0	0	0	0	0	0	0	1	1	0	0	1	0	8	0	0	3	0	0	1	0	0	0	0	0	0	0	0	0	0	0	0
YLR467C-A	0	0	0	0	0	0	0	0	0	0	0	0	0	0	0	0	1	0	0	0	0	0	0	0	0	0	0	0	0	0	0	0	0	0	0	0	0	0	0	0	0	0	0	0	0	0	0	0
YBL027W	0	0	3	1	1	1	9	2	0	13	1	14	43	36	30	264	27	39	250	51	245	344	1146	146	10359	499	291	3691	292	5915	1313	237	1356	78	49	297	1	4	14	2	0	0	0	0	0	0	0	0
YKL096W-A	0	1	0	0	1	0	0	0	0	0	5	0	1	34	0	0	12	0	0	0	0	0	0	0	1	1	0	0	0	2	1	0	0	0	0	0	0	0	0	0	0	0	0	0	0	0	0	0
YFL010C	0	0	0	0	0	0	0	0	0	0	0	0	0	0	0	0	0	0	0	0	0	0	0	0	0	0	0	0	0	0	0	0	0	0	0	0	0	2	0	0	0	0	0	0	0	0	0	0
YNL208W	0	0	0	0	0	0	0	0	0	0	0	0	0	2	0	8	2	0	4	2	6	12	14	4	182	12	0	52	0	4	2	0	4	0	0	2	0	0	0	0	0	0	0	0	0	0	0	0
YFR019W	0	0	0	0	0	0	0	0	0	0	0	0	0	5	0	2	0	0	0	0	0	1	0	0	3	0	0	1	0	0	3	1	0	0	0	0	0	0	0	0	2	0	0	0	0	0	0	0
YOR309C	0	0	0	0	0	0	0	0	0	0	0	2	0	0	2	1	0	4	0	1	2	1	1	1	0	0	11	1	4	1	1	1	1	0	0	0	0	0	0	0	0	0	0	0	0	0	0	0
YMR227C	0	0	0	0	0	0	0	0	0	0	0	0	0	0	0	1	0	0	0	0	0	0	0	0	1	0	0	0	0	0	0	0	0	0	0	0	0	0	0	0	0	0	0	0	0	0	0	0
YPL277C	0	0	0	0	0	0	0	0	0	1	0	1	1	0	1	2	1	1	2	1	7	3	12	5	66	19	4	49	5	51	13	1	25	1	7	4	0	1	0	0	0	0	0	0	0	0	0	0
YAL063C	0	0	0	0	0	0	0	0	0	0	0	0	1	0	0	0	0	2	2	0	0	0	4	4	15	2	4	4	7	5	1	5	4	1	0	1	0	0	0	0	0	0	0	0	0	0	0	0
YHR117W	0	0	0	0	0	0	0	0	1	0	0	0	0	0	0	0	0	0	0	0	0	0	0	0	0	0	0	0	0	0	0	0	0	0	0	0	0	0	0	0	0	0	0	0	0	0	0	0
YDR026C	0	0	0	0	0	0	0	0	0	0	0	0	0	0	0	0	0	0	0	0	0	0	0	0	0	0	0	0	0	1	0	0	0	0	0	0	0	0	0	0	0	0	0	0	0	0	0	0
YPL274W	0	0	0	0	0	0	0	0	0	0	0	0	0	0	0	2	1	0	1	0	0	0	1	0	0	0	0	0	0	0	0	0	0	0	0	0	0	0	0	0	0	0	0	0	0	0	0	0
YPL258C	0	0	0	0	0	0	0	0	0	0	0	0	0	0	0	0	0	0	0	0	1	0	0	0	0	0	0	0	0	0	0	0	0	0	0	0	0	0	0	0	0	0	0	0	0	0	0	0
YJL219W	0	0	0	0	0	0	0	0	0	0	0	0	2	0	0	0	0	1	0	0	0	0	0	0	7	2	0	0	1	1	1	0	1	0	0	0	0	0	0	0	0	0	0	0	0	0	0	0
YDL246C	0	0	0	0	0	0	0	0	0	0	0	0	0	0	0	1	0	0	0	1	0	0	3	2	10	28	2	15	12	9	4	6	2	0	1	2	0	0	0	0	0	0	0	0	0	0	0	0
YDR033W	0	0	0	0	0	0	0	0	0	3	0	2	15	0	1	26	0	4	5	5	6	22	9	1	77	11	3	61	6	7	29	0	1	0	0	3	0	0	0	0	0	0	0	0	0	0	0	0
YER081W	0	0	0	0	0	0	0	0	0	0	0	2	0	4	3	6	4	1	4	1	13	7	29	3	227	28	10	94	7	109	25	8	60	5	5	13	0	1	0	0	0	0	0	0	0	0	0	0
YLR278C	0	0	0	0	0	0	0	0	0	0	0	0	0	0	0	2	0	0	0	0	0	0	0	0	1	0	0	0	0	0	0	0	0	0	0	0	0	0	0	0	0	0	0	0	0	0	0	0
YER070W	0	0	0	0	0	0	0	0	0	0	0	0	0	1	0	2	0	0	7	0	2	0	4	2	24	7	0	47	0	43	14	1	20	0	2	0	0	0	0	0	0	0	0	0	0	0	0	0
YPL036W	3	1	6	0	1	1	10	0	0	15	5	22	59	34	32	512	44	67	324	56	252	318	687	152	6391	368	203	2629	220	4407	925	394	806	39	28	198	0	4	1	0	0	0	0	0	0	0	0	0
YCL069W	0	0	0	0	0	0	0	0	0	0	0	0	0	0	0	0	0	1	1	0	0	0	1	0	0	0	0	1	0	2	1	0	2	0	0	0	0	0	0	0	0	0	0	0	0	0	0	0
YDR450W	1	0	2	0	0	1	17	1	2	13	10	13	60	128	29	470	77	49	268	111	232	452	1401	121	9581	599	223	3541	333	3950	1267	556	1243	80	115	212	2	9	18	0	0	0	0	0	0	0	0	0
YOR312C	1	0	1	5	0	0	13	0	0	15	8	19	147	77	35	765	60	64	251	133	282	837	1604	109	11252	643	223	4096	540	3427	2093	492	854	167	82	257	5	19	6	0	0	0	0	0	0	0	0	0
YJL113W	0	0	0	0	0	0	0	0	0	0	0	0	0	0	0	1	0	3	3	1	1	1	4	0	21	3	5	9	1	16	6	0	4	3	0	1	0	0	0	0	0	0	0	0	0	0	0	0
YGL028C	0	0	0	0	0	0	0	0	0	0	0	0	0	2	0	2	0	0	0	0	0	0	2	0	32	0	0	2	4	12	10	0	6	0	0	0	0	0	0	0	0	0	0	0	0	0	0	0
YGL227W	0	0	0	0	0	0	0	0	0	0	0	0	0	0	0	0	1	0	0	0	0	0	3	0	28	1	0	3	0	10	1	3	0	1	0	0	0	0	0	0	0	0	0	0	0	0	0	0
YIL018W	1	0	5	2	18	5	21	12	1	28	15	63	125	225	140	1000	256	166	681	250	1032	890	3263	582	25364	2000	725	13861	883	14235	4454	1569	5817	438	532	1222	7	55	37	0	3	2	0	0	1	0	0	0
YIL074C	0	0	0	0	0	0	0	0	0	0	0	2	0	4	3	6	4	1	4	1	13	7	29	3	227	28	10	94	7	109	25	8	60	5	5	13	0	1	0	0	0	0	0	0	0	0	0	0
YKR045C	0	0	0	0	0	0	0	0	0	0	0	0	0	0	0	0	1	0	0	0	0	0	0	0	0	0	0	0	0	0	0	0	0	0	0	0	0	0	0	0	0	0	0	0	0	0	0	0
YOL144W	0	0	0	0	0	0	0	0	0	0	0	0	0	1	0	1	0	0	0	0	0	0	0	1	2	0	0	0	0	0	0	1	0	0	0	0	0	0	0	0	0	0	0	0	0	0	0	0
YGL237C	0	0	0	0	0	0	0	0	0	0	0	0	0	0	0	0	1	0	0	0	2	0	0	0	1	1	0	1	0	2	0	0	2	0	0	0	0	0	0	0	0	0	0	0	0	0	0	0
YFL067W	0	0	0	0	0	0	0	0	0	0	0	0	0	0	0	0	0	0	0	1	0	0	0	0	0	0	0	0	0	0	0	0	0	0	0	0	0	0	0	0	0	0	0	0	0	0	0	0
YDR073W	0	0	0	0	0	0	0	0	0	0	0	0	0	0	0	0	0	0	0	0	0	0	11	2	36	0	0	2	4	14	6	0	6	2	0	0	0	0	0	0	0	0	0	0	0	0	0	0
YLR361C-A	0	0	0	0	0	0	0	0	0	0	0	0	0	0	0	1	0	0	0	0	0	0	0	0	0	1	0	0	0	0	0	0	0	0	0	0	0	0	0	0	0	0	0	0	0	0	0	0
YOL156W	0	0	0	0	0	0	0	0	0	0	0	0	2	0	0	0	0	1	0	0	0	0	0	0	12	3	1	4	1	2	1	1	2	0	0	0	0	0	0	0	0	0	0	0	0	0	0	0
YJR030C	0	0	0	0	0	0	0	0	0	0	0	0	0	0	0	0	0	1	0	0	0	0	0	0	0	0	0	1	0	0	0	0	0	0	0	0	0	0	0	0	0	0	0	0	0	0	0	0
YDR299W	0	0	0	0	0	0	0	0	0	0	0	0	0	0	0	0	0	0	0	0	0	0	1	0	1	0	0	0	0	1	0	0	0	0	0	0	0	0	0	0	0	0	0	0	0	0	0	0
YBR297W	0	0	0	0	0	0	0	0	0	0	0	0	0	0	0	0	0	0	0	0	0	0	0	0	9	0	0	6	2	2	2	0	1	0	1	0	0	0	0	0	0	0	0	0	0	0	0	0
YDR278C	6	0	2	1	0	7	35	6	1	459	6	25	14	24	320	17	349	14	90	71	25	97	70	143	191	630	158	578	1428	166	68	1870	442	43	8349	63	213	241	18	5	0	4	0	0	0	0	0	0
YKL156W	0	0	0	0	0	0	0	0	0	0	0	0	0	0	0	1	0	0	0	0	1	0	0	0	0	0	0	0	0	1	0	0	0	0	0	0	0	0	0	0	0	0	0	0	0	0	0	0
YBR202W	0	0	0	0	0	0	0	0	0	0	0	0	0	0	0	0	0	0	0	0	0	1	2	0	18	4	0	4	2	3	4	0	2	0	1	0	0	0	0	0	0	0	0	0	0	0	0	0
YNR075W	0	0	0	0	0	0	0	0	0	0	0	0	0	0	0	0	0	0	0	0	0	0	0	0	5	0	0	1	0	4	1	0	0	0	0	0	0	0	0	0	0	0	0	0	0	0	0	0
YCR039C	0	0	0	0	0	0	0	0	0	0	0	0	0	0	1	1	6	0	8	4	2	7	4	8	32	52	9	54	37	15	22	11	16	13	0	1	0	0	0	0	0	0	0	0	0	0	0	0
YGR118W	3	0	0	2	6	0	12	1	1	17	4	19	58	44	25	448	52	65	234	65	469	632	1106	255	9825	606	363	4102	321	5280	1869	379	1559	112	79	433	9	12	5	1	0	0	0	0	0	0	0	0
YML085C	0	0	0	0	0	0	0	0	0	0	0	0	0	1	0	2	0	0	1	0	0	1	10	0	31	2	0	8	0	4	0	0	1	0	0	0	0	0	0	0	0	0	0	0	0	0	0	0
YLL067W-A	0	0	0	0	0	0	0	0	0	0	0	0	0	0	0	0	1	0	0	0	0	0	0	0	0	0	0	0	0	0	0	0	0	0	0	0	0	0	0	0	0	0	0	0	0	0	0	0
YOR185C	0	0	0	0	0	0	0	0	0	1	0	0	0	0	0	3	0	0	1	0	2	7	7	1	61	11	1	87	0	5	8	0	5	0	0	0	0	0	0	0	0	0	0	0	0	0	0	0
YLR175W	0	0	0	0	0	0	0	0	0	0	0	0	2	0	0	2	1	0	1	0	1	1	1	1	11	0	0	1	1	4	1	0	1	0	0	0	0	0	0	0	0	0	0	0	0	0	0	0
YOL120C	1	0	1	3	0	1	9	0	3	17	1	18	59	35	22	443	50	52	279	65	224	482	1078	176	9558	681	307	4927	283	6133	1391	456	2540	55	146	308	1	9	2	0	0	1	0	0	0	0	0	0
YOR133W	5	3	14	8	26	14	81	18	12	140	58	206	492	1094	387	3731	936	819	2495	1117	4034	6022	14380	2225	125162	7166	4539	52560	4317	72978	23054	7749	25552	1810	2029	6402	39	425	247	6	13	2	2	0	0	1	0	1
YGR279C	0	0	0	0	0	0	0	0	0	0	1	0	4	4	0	1	1	3	7	3	2	6	41	10	213	47	0	138	11	49	24	0	22	0	1	0	0	0	0	0	0	0	0	0	0	0	0	0
YMR143W	1	1	1	0	1	1	1	0	1	4	8	10	17	50	10	87	24	13	54	7	70	65	162	64	1785	102	80	916	45	1328	212	67	525	29	11	71	0	1	2	0	0	0	0	0	0	0	0	0
YCL067C	0	0	0	0	0	0	0	0	0	0	0	0	0	0	1	1	6	0	8	4	2	7	4	8	32	52	9	54	37	15	22	11	16	13	0	1	0	0	0	0	0	0	0	0	0	0	0	0
YIL059C	0	0	0	0	0	0	0	0	0	0	0	0	0	0	0	0	0	0	0	0	0	1	0	0	2	0	0	0	0	3	1	0	0	0	0	0	0	0	0	0	0	0	0	0	0	0	0	0
YOR192C	0	0	0	0	0	0	0	0	0	0	0	0	0	0	0	2	2	0	1	1	1	2	8	0	66	1	0	20	0	16	7	0	8	1	1	3	0	0	0	0	0	0	0	0	0	0	0	0
YAL068W-A	0	0	0	0	0	0	0	0	0	0	0	0	0	0	0	0	0	0	0	0	0	2	0	0	0	0	0	0	0	1	0	0	0	0	0	0	0	0	0	0	0	0	0	0	0	0	0	0
YMR043W	0	0	0	0	0	0	0	0	0	0	0	0	0	6	0	2	1	0	2	1	3	2	5	3	16	1	1	1	0	17	0	2	3	0	0	3	0	0	0	0	0	0	0	0	0	0	0	0
YMR251W-A	0	0	0	0	0	0	0	0	0	0	0	0	0	0	1	0	0	0	0	0	0	0	0	0	0	0	0	0	0	0	0	0	0	0	0	0	0	0	0	0	0	0	0	0	0	0	0	0
YGR295C	0	0	0	0	0	0	2	0	1	5	0	8	11	23	26	61	71	36	47	47	97	84	212	104	1465	132	98	821	87	1003	270	91	515	21	26	99	5	3	3	0	0	0	0	0	0	0	0	0
YER103W	0	0	0	0	0	0	0	0	0	0	0	0	1	0	0	0	0	0	0	0	0	0	0	0	1	0	0	0	0	1	0	0	1	0	0	0	0	0	0	0	0	0	0	0	0	0	0	0
YFL060C	0	0	0	1	0	0	1	0	0	0	0	0	1	0	0	0	1	0	1	1	2	2	5	1	19	6	4	23	2	10	5	9	12	0	0	4	0	0	0	0	0	0	0	0	0	0	0	0
YDR173C	0	0	0	0	0	0	0	0	0	0	0	0	0	0	0	1	0	0	0	0	1	0	1	0	0	0	0	0	0	1	0	0	1	0	0	0	0	0	0	0	0	0	0	0	0	0	0	0
YNL014W	0	0	0	0	0	0	1	0	0	3	0	3	2	5	2	47	4	4	12	4	5	40	51	12	594	20	21	286	18	418	124	18	187	2	5	35	0	1	0	0	0	0	0	0	0	0	0	0
YGL122C	0	0	0	0	8	0	0	1	0	0	25	8	0	33	0	0	28	0	16	28	8	7	114	7	396	126	29	259	77	421	182	84	185	0	59	65	0	0	0	0	0	0	0	0	0	0	0	0
YHR141C	0	0	2	1	5	1	27	11	0	27	13	25	99	219	35	564	249	73	282	172	332	698	1861	224	12171	1113	437	5736	549	7051	2304	818	2853	162	215	533	6	25	11	0	0	1	0	0	0	0	0	0
YEL073C	0	0	0	0	0	0	0	0	0	0	0	0	0	0	2	3	0	0	1	2	3	4	18	1	71	8	6	49	2	25	28	2	12	0	1	8	0	0	0	0	0	0	0	0	0	0	0	0
YKL006W	1	0	0	2	7	1	11	1	2	20	3	46	42	105	70	396	84	159	297	102	696	512	2020	396	14203	829	581	5250	599	10495	2721	883	2886	189	205	699	2	37	22	0	0	0	0	0	0	0	0	0
YLR448W	1	0	0	0	2	1	2	3	0	3	0	5	10	32	13	85	17	36	81	24	110	119	305	55	2215	129	161	996	72	1411	393	120	403	7	28	120	0	5	1	0	0	0	0	0	0	0	0	0
YGL147C	2	1	3	1	4	0	10	2	0	18	7	21	58	140	32	375	79	54	214	96	381	645	1217	175	10459	552	375	3553	335	4191	1614	761	1529	169	221	374	2	41	7	0	0	1	1	0	0	0	0	0
YMR305C	0	0	0	0	0	0	0	0	0	0	1	0	4	4	0	1	1	3	7	3	2	6	41	10	213	47	0	138	11	49	24	0	22	0	1	0	0	0	0	0	0	0	0	0	0	0	0	0
YBR150C	0	0	0	1	0	0	0	0	0	0	0	0	0	0	0	13	0	0	0	0	1	0	14	8	85	0	0	0	1	52	1	98	61	66	50	0	0	0	45	0	0	0	7	0	10	0	0	0
YDL136W	1	0	2	0	12	2	17	11	1	41	23	48	81	193	87	522	272	145	447	203	530	1095	2284	396	18114	1204	861	8370	716	11390	2959	1244	4666	177	361	810	5	40	12	0	0	0	0	0	0	0	0	0
YBR191W	5	0	1	2	3	0	13	3	0	34	1	22	55	134	26	398	96	59	311	137	256	457	1580	147	9643	591	276	3199	275	4486	1353	476	1601	86	160	261	4	14	3	1	0	0	0	0	0	0	0	0
YGR270W	0	0	0	0	0	0	0	0	0	0	0	0	0	0	0	0	0	0	0	0	1	0	0	0	0	0	0	0	0	0	0	0	0	0	0	0	0	0	0	0	0	0	0	0	0	0	0	0
YDL173W	0	0	0	0	0	0	0	0	0	0	0	0	1	0	0	0	0	0	0	1	0	0	0	0	0	0	0	0	0	0	0	0	0	0	0	0	0	0	0	0	0	0	0	0	0	0	0	0
YJR047C	1	0	0	1	1	1	5	0	2	7	1	11	16	35	18	111	25	29	82	27	111	113	519	62	2729	183	200	1060	132	2414	360	476	656	19	126	136	1	18	4	1	0	0	0	0	0	0	0	0
YMR006C	0	0	0	0	0	0	0	0	0	0	0	0	1	2	0	2	0	0	1	0	0	5	4	1	34	3	2	14	1	11	3	1	10	0	0	2	0	0	0	0	0	0	0	0	0	0	0	0
YKR105C	0	0	0	0	0	0	0	0	0	0	0	0	0	0	0	0	0	1	1	0	0	0	1	0	0	0	0	1	0	2	1	0	3	0	0	0	0	0	0	0	0	0	0	0	0	0	0	0
YGR023W	0	0	0	0	0	0	0	0	0	0	0	2	0	0	0	0	0	0	0	0	0	0	0	0	0	0	0	0	0	0	2	0	0	0	0	0	0	0	0	0	0	0	0	0	0	0	0	0
YGL053W	0	0	0	0	0	0	0	0	0	0	0	0	1	3	0	5	8	4	2	4	2	14	23	1	123	21	13	68	16	67	25	10	36	2	4	6	0	0	0	0	0	0	0	0	0	0	0	0
YLL066W-A	0	0	0	0	0	0	0	0	0	0	0	0	0	0	0	0	1	0	0	0	0	0	0	0	0	0	0	0	0	0	0	0	0	0	0	0	0	0	0	0	0	0	0	0	0	0	0	0
YLR029C	1	2	0	1	7	1	9	6	1	24	10	15	58	194	32	317	123	53	404	134	278	442	1318	150	9519	658	311	4174	364	6126	1643	547	2286	104	127	450	2	19	9	0	4	0	1	0	0	0	0	0
YIL172C	0	0	0	0	0	0	0	0	0	0	0	0	0	0	0	0	1	0	1	0	1	3	5	0	36	8	3	21	2	21	5	3	9	1	3	2	0	0	0	0	0	0	0	0	0	0	0	0
YDR385W	5	3	14	8	26	14	81	18	12	140	58	206	492	1094	387	3731	936	819	2495	1117	4034	6022	14380	2225	125162	7166	4539	52560	4317	72978	23054	7749	25552	1810	2029	6402	39	425	247	6	13	2	2	0	0	1	0	1
YFL063W	0	0	0	0	0	0	0	0	0	0	0	0	0	0	0	0	0	0	0	0	0	2	0	0	0	0	0	0	0	1	0	0	0	0	0	0	0	0	0	0	0	0	0	0	0	0	0	0
YEL049W	0	0	0	0	0	0	0	0	0	0	0	0	1	0	0	0	0	0	0	0	0	0	3	0	4	0	0	1	1	3	1	0	0	0	0	0	0	0	0	0	0	0	0	0	0	0	0	0
YEL017C-A	0	0	0	1	0	0	2	3	0	7	2	6	14	9	6	136	17	11	263	10	40	119	161	46	750	167	93	743	76	508	74	79	234	4	27	14	0	4	0	0	0	0	0	0	0	0	0	0
YIL133C	1	0	0	0	0	0	2	0	0	3	0	1	8	3	1	9	2	1	27	2	7	14	24	4	469	10	1	83	0	12	0	1	2	0	0	0	0	0	0	0	0	0	0	0	0	0	0	0
YOR391C	0	0	0	0	0	0	0	0	0	0	0	0	0	1	0	0	0	1	0	1	0	1	0	0	3	0	1	5	1	5	2	1	0	1	1	1	0	0	0	0	0	0	0	0	0	0	0	0
YDL245C	0	0	0	0	0	0	0	0	0	0	0	0	0	0	0	0	0	0	0	0	0	0	1	0	1	0	0	0	0	0	0	0	0	0	0	0	0	0	0	0	0	0	0	0	0	0	0	0
YIL069C	1	0	7	1	4	6	5	7	1	26	7	42	78	124	50	455	99	72	387	120	423	885	1758	268	17867	875	353	7468	444	8859	2517	1113	3285	225	246	555	3	18	20	0	0	0	0	0	0	0	0	0
YBR054W	0	0	0	0	0	0	0	0	0	3	0	2	15	0	1	26	0	4	5	5	6	22	9	1	77	11	3	61	6	7	29	0	1	0	0	3	0	0	0	0	0	0	0	0	0	0	0	0
YIL052C	2	0	1	3	1	4	12	0	1	41	11	12	89	63	18	336	43	27	136	46	178	182	1102	83	7647	535	110	2871	295	2191	1596	166	773	49	66	138	2	10	2	0	1	0	0	0	0	0	0	0
YEL007W	0	0	0	0	0	0	0	0	0	0	0	0	0	2	0	3	0	0	0	0	0	1	0	0	5	0	0	0	0	0	3	1	0	3	0	0	0	0	0	0	1	0	0	0	0	0	0	0
YNL067W	2	1	3	1	4	0	10	2	0	18	7	21	58	140	32	375	79	54	214	96	381	646	1214	177	10459	552	375	3553	335	4191	1615	760	1529	169	221	374	2	41	7	0	0	1	0	0	1	0	0	0
YKR057W	0	0	0	0	0	1	1	0	0	3	1	2	4	13	4	28	30	15	29	17	50	35	192	50	1057	120	24	808	48	588	175	87	577	16	70	54	1	0	0	0	0	0	0	0	0	0	0	0
YLR061W	0	0	0	0	1	0	0	0	0	0	0	5	0	2	1	0	1	0	2	0	24	0	1	5	1	0	0	0	0	0	0	0	0	0	0	0	0	0	0	0	0	0	0	0	0	0	0	0
YLR237W	0	0	0	0	0	0	0	0	0	0	0	0	0	0	0	0	1	1	2	0	1	3	7	2	63	1	0	18	0	19	10	0	16	1	1	3	0	0	0	0	0	0	0	0	0	0	0	0
YPL250W-A	0	0	0	0	0	0	0	0	0	0	0	0	0	0	0	0	0	0	0	0	0	0	0	0	0	0	0	1	0	0	1	0	0	0	0	0	0	0	0	0	0	0	0	0	0	0	0	0
YPR154W	0	0	0	0	1	0	0	0	0	0	0	0	0	1	0	0	1	0	1	0	0	0	0	0	0	0	0	1	0	1	0	0	0	0	0	0	0	0	0	0	0	0	0	0	0	0	0	0
YNL069C	1	0	0	0	0	0	2	0	0	3	0	1	8	3	1	9	2	1	27	2	7	14	24	4	469	10	1	83	0	12	0	1	2	0	0	0	0	0	0	0	0	0	0	0	0	0	0	0
YJL136C	0	0	0	0	0	1	1	0	0	3	1	2	4	13	4	28	30	15	30	17	49	35	192	50	1057	120	24	807	49	588	174	88	577	16	70	54	1	0	0	0	0	0	0	0	0	0	0	0
YKR042W	0	0	0	0	0	0	0	0	0	0	0	0	0	0	0	0	0	0	0	0	0	0	0	1	0	0	0	0	0	0	0	0	0	0	0	0	0	0	0	0	0	0	0	0	0	0	0	0
YNR052C	1	0	0	0	0	0	0	1	0	0	0	1	1	3	0	0	3	0	0	0	4	1	7	0	23	9	0	14	2	14	2	0	9	0	2	2	0	0	0	0	0	0	0	0	0	0	0	0
YDR312W	0	0	0	0	0	0	0	0	0	0	0	1	5	2	4	11	2	3	5	3	5	8	28	8	156	12	7	53	8	111	28	11	34	0	0	4	0	0	0	0	0	0	0	0	0	0	0	0
YGL078C	0	0	0	0	0	0	0	0	0	0	0	0	0	0	0	0	0	0	0	0	0	0	0	0	1	0	0	0	0	0	0	0	0	0	0	0	0	0	0	0	0	0	0	0	0	0	0	0
YPL184C	0	0	0	0	0	0	0	0	0	0	0	0	0	0	0	0	0	0	0	0	0	0	0	0	0	0	0	0	0	0	0	2	0	0	0	0	0	0	0	0	0	0	0	0	0	0	0	0
YDR145W	0	0	0	0	0	0	0	0	0	0	2	0	0	7	1	0	5	0	2	2	2	2	21	2	56	17	2	17	6	55	6	11	24	4	0	8	3	0	0	0	0	0	0	0	0	0	0	0
YFL009W	0	0	0	0	0	0	0	0	0	0	0	0	2	2	1	5	1	1	3	2	7	7	22	0	119	9	6	40	5	65	35	6	30	2	1	10	0	0	0	0	0	0	0	0	0	0	0	0
YNL019C	0	0	0	0	0	0	1	0	0	0	0	0	0	0	0	1	0	0	0	0	0	1	1	1	5	0	1	8	2	10	2	0	4	0	1	1	0	0	0	0	0	0	0	0	0	0	0	0
YOR329C	0	0	0	0	0	0	0	0	0	0	0	0	0	0	0	0	0	0	0	0	0	0	0	0	0	0	0	0	0	1	0	0	0	0	0	0	0	0	0	0	0	0	0	0	0	0	0	0
YJL129C	0	0	0	0	0	0	0	0	0	0	0	0	0	0	0	0	0	0	0	0	0	0	0	0	0	0	0	0	0	1	0	0	0	0	0	0	0	0	0	0	0	0	0	0	0	0	0	0
YCR097W-A	0	0	0	0	0	0	0	0	0	0	0	0	0	0	0	0	0	0	0	0	0	0	0	0	1	0	0	3	0	1	0	0	0	0	0	0	0	0	0	0	0	0	0	0	0	0	0	0
YFR024C-A	0	0	0	0	0	0	0	0	0	0	0	0	0	0	0	0	0	0	0	0	0	0	0	0	0	0	0	0	0	1	0	0	2	0	0	0	0	0	0	0	0	0	0	0	0	0	0	0
YHR203C	4	2	8	3	14	5	27	6	4	50	16	96	161	293	168	1076	359	257	733	311	2353	1779	4084	1226	31900	2171	1581	15418	1108	19752	5614	1544	7860	527	494	1759	15	64	104	3	5	0	0	0	0	0	0	0
YOR382W	0	0	0	0	0	0	0	0	0	0	0	0	0	0	0	0	0	0	0	0	0	0	0	0	1	0	0	0	0	0	0	0	0	0	0	0	0	0	0	0	0	0	0	0	0	0	0	0
YHR214C-B	9	7	21	12	21	17	106	51	28	208	76	362	489	1087	579	2684	924	883	1931	1035	3266	4159	8414	2258	59877	5243	3940	27404	3689	40355	13454	3843	16562	1274	1142	5178	52	203	128	2	5	0	2	1	0	0	0	0
YEL039C	0	0	0	0	0	0	0	0	0	0	0	0	0	0	0	0	0	0	0	0	2	2	1	4	23	2	3	5	1	19	1	0	6	0	0	2	0	0	0	0	0	0	0	0	0	0	0	0
YPL060C-A	0	0	0	0	0	0	0	0	0	0	0	0	0	0	0	2	0	2	4	1	1	0	6	0	37	7	6	20	6	19	11	1	5	3	0	1	0	0	0	0	0	0	0	0	0	0	0	0
YGL062W	0	2	0	0	1	0	4	0	0	6	3	11	14	22	18	92	32	25	86	40	121	166	390	69	2899	196	128	1292	122	1792	553	207	610	47	66	145	1	12	7	0	0	0	0	2	0	0	0	0
YLR461W	0	0	0	0	0	0	0	0	0	0	0	0	1	0	1	0	0	0	0	0	0	0	3	0	9	0	0	2	1	3	1	1	1	0	0	1	0	0	0	0	0	0	0	0	0	0	0	0
YIL082W	0	0	0	0	0	0	0	0	0	1	0	0	0	2	0	1	0	0	2	0	1	0	6	0	11	4	1	18	1	23	4	4	7	0	0	2	0	0	0	0	0	0	0	0	0	0	0	0
YOL054W	0	0	0	0	0	0	0	0	0	0	0	0	0	0	0	0	0	0	0	0	0	0	0	0	3	0	0	0	0	0	0	0	0	0	0	0	0	0	0	0	0	0	0	0	0	0	0	0
YNL186W	0	0	0	0	0	0	0	0	0	0	0	0	0	0	0	0	0	0	0	0	0	0	2	0	10	0	0	0	0	0	2	0	0	0	0	0	0	0	0	0	0	0	0	0	0	0	0	0
YAR031W	0	0	0	0	0	0	0	0	0	0	0	0	1	3	0	5	2	4	1	3	1	6	16	1	102	8	11	55	9	55	20	9	28	2	3	4	0	0	0	0	0	0	0	0	0	0	0	0
YDR077W	8	4	4	12	6	0	62	14	12	76	22	68	258	174	86	958	150	250	602	368	1112	1828	2326	460	18373	788	1160	5676	694	11533	3516	918	2892	518	162	1379	14	74	54	0	6	0	0	0	0	0	0	0
YIL115C	0	0	0	0	0	0	0	0	0	0	0	0	0	0	2	2	0	0	0	0	4	2	12	0	124	8	0	36	0	34	8	0	34	0	0	2	0	0	0	0	0	0	0	0	0	0	0	0
YPL229W	0	0	0	0	0	0	0	0	0	0	1	0	0	0	0	0	1	0	0	0	0	0	0	0	3	0	0	3	0	0	0	0	0	0	0	0	0	0	0	0	0	0	0	0	0	0	0	0
YBR189W	2	0	1	1	1	1	1	2	0	5	3	12	16	28	33	116	36	32	137	29	165	160	419	151	4770	257	146	2164	132	3039	733	191	939	39	50	121	0	1	1	0	0	0	0	0	0	0	0	0
YHR214C-C	9	4	17	11	16	11	86	46	23	170	60	274	392	861	454	1999	717	717	1494	811	2357	3258	6317	1748	45625	4197	3131	21282	2992	31280	10708	2962	13170	1006	920	4246	46	179	107	2	4	0	2	1	0	0	0	0
YHL020C	0	0	0	0	0	0	0	0	0	0	0	0	0	3	0	0	0	0	2	0	0	0	4	0	6	4	0	0	0	5	3	0	1	0	0	0	0	0	0	0	0	0	0	0	0	0	0	0
YIL009W	0	0	0	0	0	0	0	0	0	0	0	0	0	0	1	2	1	0	2	0	0	1	2	1	16	5	0	15	2	12	9	0	4	2	0	1	0	0	0	0	0	0	0	0	0	0	0	0
YDR289C	0	0	0	0	0	0	0	0	0	0	0	0	0	0	0	3	0	0	0	0	1	0	5	0	17	0	0	0	2	7	0	11	6	0	6	0	0	0	1	0	0	0	0	0	0	0	0	0
YNL190W	0	3	0	0	2	0	8	5	0	8	5	10	47	57	16	170	71	31	104	74	109	352	631	109	3486	417	168	1789	186	1679	855	231	594	42	112	178	0	26	8	0	2	0	0	0	0	0	0	0
YPL089C	0	0	0	1	0	0	0	0	0	0	1	0	2	0	0	0	0	0	0	1	0	0	0	0	3	0	1	0	2	2	0	1	0	0	0	0	0	0	0	0	0	0	0	0	0	0	0	0
YGL131C	0	0	0	0	0	0	0	0	0	0	0	1	0	0	0	0	0	0	0	0	0	0	0	0	0	0	0	0	0	0	0	0	0	0	0	0	0	0	0	0	0	0	0	0	0	0	0	0
YBR016W	0	0	0	0	0	0	0	0	0	0	0	0	0	0	0	0	2	0	0	0	0	0	0	0	0	0	0	0	0	0	0	0	0	0	0	0	0	0	0	0	0	0	0	0	0	0	0	0
YJR090C	0	0	0	0	0	0	1	0	0	0	0	0	1	0	0	6	0	0	0	3	1	5	0	0	1	4	2	1	8	0	0	5	1	0	0	0	0	1	0	0	0	0	0	0	0	0	0	0
YGR032W	0	0	0	0	0	1	0	0	0	1	0	2	3	4	1	20	3	2	17	1	9	19	12	9	193	10	6	119	1	91	12	3	36	1	0	5	0	0	0	0	0	0	0	0	0	0	0	0
YKR102W	0	0	0	0	0	0	0	0	0	0	0	0	0	0	0	0	0	0	0	0	0	0	0	0	0	0	0	0	0	0	2	0	0	0	0	0	0	0	0	0	0	0	0	0	0	0	0	0
YJR145C	4	2	8	3	14	5	27	6	4	50	16	96	161	293	168	1076	359	257	733	311	2353	1779	4084	1226	31900	2171	1581	15418	1108	19752	5614	1544	7860	527	494	1759	15	64	104	3	5	0	0	0	0	0	0	0
YLR342W	0	0	0	0	0	1	0	0	0	1	0	2	3	4	1	20	3	2	17	1	9	19	12	9	193	10	6	119	1	91	12	3	36	1	0	5	0	0	0	0	0	0	0	0	0	0	0	0
YML026C	1	0	2	0	0	1	17	1	2	13	10	13	60	128	29	469	78	49	266	113	232	450	1402	122	9533	645	225	3483	406	3935	1268	640	1158	86	114	207	1	10	18	0	0	0	0	0	0	0	0	0
YKL017C	0	0	0	0	0	0	0	0	0	0	0	0	0	0	0	0	0	0	0	0	1	0	0	0	0	0	0	0	0	0	0	0	0	0	0	0	0	0	0	0	0	0	0	0	0	0	0	0
YDR545C-A	0	0	0	0	0	0	0	0	0	0	0	0	0	0	0	0	1	0	0	0	0	0	0	0	0	0	0	0	0	0	0	0	0	0	0	0	0	0	0	0	0	0	0	0	0	0	0	0
YGL014W	0	0	0	0	0	0	0	0	0	0	0	0	0	1	0	3	0	0	0	0	0	0	0	0	1	0	0	0	1	1	1	0	0	2	0	0	0	0	0	0	0	0	0	0	0	0	0	0
YGR027C	7	1	0	0	0	5	1	0	0	2	2	1	11	5	3	39	11	6	14	4	27	59	50	9	765	42	11	215	14	277	80	38	79	8	6	9	0	0	0	0	0	0	0	0	0	0	0	0
YMR294W-A	0	0	0	0	0	0	0	0	0	0	0	1	0	0	0	0	0	0	0	0	0	0	0	0	0	0	0	0	0	0	0	0	0	0	0	0	0	0	0	0	0	0	0	0	0	0	0	0
YJR127C	0	0	0	0	0	0	0	0	0	0	2	0	0	0	1	0	3	0	0	1	0	0	1	1	0	0	0	2	0	0	0	1	1	0	0	0	0	0	0	0	0	0	0	0	0	0	0	0
YOL106W	0	0	0	0	0	0	0	0	0	0	0	0	0	0	0	0	0	0	0	0	1	1	0	2	0	1	0	2	0	0	0	0	0	0	0	0	0	0	0	0	0	0	0	0	0	0	0	0
YPL280W	0	0	0	0	0	0	0	0	0	0	0	0	0	1	0	0	0	1	0	1	0	1	0	0	4	0	1	5	1	7	2	1	0	1	1	1	0	0	0	0	0	0	0	0	0	0	0	0
YHR180W-A	0	0	0	0	0	0	0	0	0	0	0	2	0	15	0	3	0	0	0	1	2	1	2	0	1	4	2	0	56	1	0	81	0	0	1	0	0	0	0	0	0	0	0	0	0	0	0	0
YER177W	0	0	0	0	6	0	1	1	0	9	7	1	7	95	5	73	119	6	42	32	39	34	167	17	595	137	49	466	30	407	99	32	176	5	13	37	0	0	4	0	0	0	0	0	0	0	0	0
YBR244W	0	0	0	0	1	0	0	0	0	0	0	0	0	0	0	1	0	0	0	0	0	0	0	0	0	0	0	0	0	0	0	0	0	0	0	0	0	0	0	0	0	0	0	0	0	0	0	0
YDR500C	2	0	1	0	1	0	1	3	0	0	0	6	5	48	6	48	43	10	34	15	59	49	258	41	1337	197	51	833	85	932	241	104	361	16	60	72	1	6	3	0	0	1	0	0	0	0	0	0
YMR246W	0	0	0	0	0	0	0	0	0	0	0	0	0	0	1	2	1	0	2	0	0	1	2	1	16	5	0	15	2	13	9	0	4	2	0	1	0	0	0	0	0	0	0	0	0	0	0	0
YGL081W	0	0	0	0	0	0	0	0	0	0	0	0	0	0	0	0	0	0	0	0	0	0	1	0	0	0	0	0	0	0	0	0	0	0	0	0	0	0	0	0	0	0	0	0	0	0	0	0
YBR031W	2	0	4	9	8	2	38	10	7	54	18	71	245	397	152	1717	411	328	1130	447	1654	2212	6302	967	53436	3125	1540	24407	1773	31785	10817	2915	10825	947	694	2627	29	109	104	4	6	4	2	2	0	0	0	0
YLR466C-A	0	0	0	0	0	0	0	0	0	0	0	0	0	0	0	0	1	0	0	0	0	0	0	0	0	0	0	0	0	0	0	0	0	0	0	0	0	0	0	0	0	0	0	0	0	0	0	0
YLR037C	0	0	0	0	0	0	0	0	0	0	0	0	0	0	0	0	0	0	0	0	1	1	1	0	11	0	0	3	1	7	2	0	2	0	0	0	0	0	0	0	0	0	0	0	0	0	0	0
YCR087C-A	0	0	0	0	0	0	0	0	0	0	0	0	0	0	0	0	0	0	0	0	0	0	0	0	0	1	0	0	0	0	0	0	0	0	0	0	0	0	0	0	0	0	0	0	0	0	0	0
YDR497C	0	0	0	0	0	0	0	0	0	2	0	0	0	0	0	0	0	0	0	0	0	0	0	0	2	0	0	0	0	0	0	0	0	0	0	0	0	0	0	0	0	0	0	0	0	0	0	0
YBR009C	4	0	0	1	3	2	18	0	1	15	3	17	85	184	34	493	141	68	194	161	365	441	1282	220	9625	705	351	4521	320	6336	1494	415	1660	67	60	207	1	12	4	0	0	0	0	0	0	0	0	0
YLR167W	0	0	1	0	2	0	7	1	1	11	6	18	38	40	19	172	67	43	109	55	187	194	730	90	7265	512	194	3034	308	4705	1135	894	852	87	48	274	4	38	2	0	1	1	1	0	0	0	0	0
YLR293C	0	0	0	0	0	0	0	0	0	1	0	0	0	0	0	3	0	0	1	0	2	7	7	1	61	11	1	87	0	5	8	0	5	0	0	0	0	0	0	0	0	0	0	0	0	0	0	0
YLR228C	0	0	0	0	0	0	0	0	0	0	0	0	0	1	0	0	0	0	0	0	0	0	0	0	3	0	0	0	0	0	0	0	0	0	0	0	0	0	0	0	0	0	0	0	0	0	0	0
YOR372C	0	0	0	0	0	0	0	3	0	0	2	0	0	7	1	0	10	0	1	1	8	0	21	3	12	17	4	5	6	36	3	12	18	14	5	2	4	0	3	0	0	1	0	0	0	0	0	0
YDR025W	0	1	0	0	4	0	6	5	0	17	6	16	55	100	42	380	89	61	245	94	401	500	1139	205	7138	472	310	2984	223	3166	1047	398	1336	70	121	267	3	25	11	0	1	0	0	0	0	0	0	0
YBL085W	0	0	0	0	0	0	0	0	0	0	0	0	0	0	0	0	0	0	0	0	0	1	0	0	0	0	0	0	0	0	0	0	0	0	0	0	0	0	0	0	0	0	0	0	0	0	0	0
YOL020W	0	0	0	0	0	0	0	0	0	0	0	0	0	0	0	2	1	0	1	0	0	0	1	0	0	0	0	0	0	0	0	0	0	0	0	0	0	0	0	0	0	0	0	0	0	0	0	0
YIL109C	0	0	0	0	0	0	0	0	0	0	0	0	0	0	0	1	0	0	0	0	0	0	0	0	0	0	0	0	0	0	0	0	0	0	0	0	0	0	0	0	0	0	0	0	0	0	0	0
YBL030C	0	0	0	0	0	0	0	0	0	0	0	0	0	0	0	0	0	0	0	0	0	0	0	0	0	0	0	0	0	0	0	0	1	0	0	0	0	0	0	0	0	0	0	0	0	0	0	0
YHR212W-A	0	0	0	0	0	0	0	0	0	0	0	0	0	0	0	0	0	0	0	0	0	0	0	0	0	0	0	1	0	0	0	0	0	0	0	0	0	0	0	0	0	0	0	0	0	0	0	0
YIL082W-A	0	0	0	0	0	0	0	0	0	1	0	1	0	2	0	1	0	0	3	4	3	0	7	3	42	13	7	36	5	42	11	13	15	3	1	3	1	0	0	0	0	0	0	0	0	0	0	0
YJR159W	0	0	0	0	0	0	0	0	0	0	0	0	0	0	0	1	0	0	0	1	0	0	3	2	10	28	2	15	12	9	4	6	2	0	1	2	0	0	0	0	0	0	0	0	0	0	0	0
YLR388W	0	0	1	0	1	0	0	0	0	3	0	0	2	8	4	119	15	10	29	2	80	20	75	49	535	54	11	176	11	357	16	12	99	2	1	5	0	0	0	0	0	0	0	0	0	0	0	0
YPL220W	2	1	2	3	9	4	40	20	4	35	19	54	146	346	93	1126	400	213	716	271	1139	1512	3718	622	38085	1922	1113	14945	1271	22900	7621	3834	8529	542	851	1885	16	106	70	3	2	0	1	1	0	0	0	0
YOL011W	0	0	0	0	0	0	0	0	0	0	0	0	0	0	0	0	0	0	0	0	0	0	0	0	0	1	0	0	0	0	0	0	0	0	0	0	0	0	0	0	0	0	0	0	0	0	0	0
YDR445C	1	1	9	1	4	14	4	4	30	3	5	2	3	5	3	32	4	6	15	12	2	17	35	9	52	18	17	93	140	74	207	435	85	777	295	43	98	39	32	6	0	1	2	0	0	0	0	0
YJL191W	0	0	0	0	4	0	1	3	2	7	3	6	23	123	17	128	55	18	79	70	123	395	674	75	4566	309	197	2817	137	2399	991	238	616	61	65	156	4	8	8	0	0	0	0	0	0	0	0	0
YBL046W	0	0	0	0	0	0	0	0	0	0	0	0	0	0	0	0	0	0	0	0	0	0	0	0	0	0	0	0	0	1	0	0	0	0	0	0	0	0	0	0	0	0	0	0	0	0	0	0
YJL162C	0	0	0	0	0	0	0	0	0	0	0	0	0	0	0	0	1	0	0	0	1	0	0	1	0	0	0	0	0	0	0	0	0	0	0	0	0	0	0	0	0	0	0	0	0	0	0	0
YLR260W	0	0	0	0	0	0	0	0	0	0	0	0	0	0	0	4	0	0	0	0	0	0	0	0	4	0	0	0	0	0	0	2	0	0	0	0	0	0	0	0	0	0	0	0	0	0	0	0
YFL020C	0	0	0	0	0	0	0	0	0	0	0	0	0	0	0	0	0	0	0	0	0	0	0	0	7	0	1	4	0	4	3	2	2	0	0	0	0	0	0	0	0	0	0	0	0	0	0	0
YNR076W	0	0	0	0	0	0	0	0	0	0	0	0	1	0	1	0	0	0	0	0	0	0	3	0	8	0	0	1	0	4	1	1	1	0	0	1	0	0	0	0	0	0	0	0	0	0	0	0
YFR016C	0	0	0	0	0	0	0	0	0	0	0	0	2	3	0	5	2	0	6	0	7	8	30	8	235	4	4	40	0	113	15	17	34	2	1	2	1	0	0	0	0	0	0	0	0	0	0	0
YHR016C	0	0	0	0	0	0	0	0	0	0	0	0	0	0	0	0	0	0	0	0	0	0	0	0	0	0	0	0	0	1	0	0	2	0	0	0	0	0	0	0	0	0	0	0	0	0	0	0
YLR450W	0	0	0	0	0	0	0	0	0	0	0	0	0	0	0	0	0	0	0	0	0	0	0	0	0	0	0	0	0	0	1	0	0	0	0	0	0	0	0	0	0	0	0	0	0	0	0	0
YKL164C	1	0	7	2	16	2	19	4	4	36	26	33	87	447	74	592	295	177	310	455	675	736	3644	307	15255	956	595	4510	752	9244	2698	889	2644	256	139	1071	22	29	27	1	4	0	0	0	0	0	0	0
YIR043C	0	0	0	0	0	0	0	1	0	1	2	4	2	7	3	17	12	5	19	4	15	36	55	23	380	34	26	242	27	259	90	17	151	1	11	49	0	0	0	0	0	0	0	0	0	0	0	0
YHL033C	1	0	5	3	3	0	20	4	1	28	16	37	118	123	43	477	73	80	285	112	302	704	1018	212	11069	596	395	5181	289	5574	1997	527	2233	178	203	678	10	37	12	0	1	2	0	0	0	0	0	0
YDL081C	0	0	0	0	0	1	0	0	0	4	0	0	1	1	4	2	6	0	3	0	1	1	0	2	4	1	0	5	0	12	1	0	2	0	0	0	0	0	0	0	0	0	0	0	0	0	0	0
YDR155C	1	1	0	0	0	0	0	0	0	0	0	0	0	0	1	4	1	0	5	0	0	1	0	0	3	0	0	0	0	3	1	0	3	1	0	0	0	0	0	0	0	0	0	0	0	0	0	0
YNL268W	0	0	0	0	0	0	0	0	0	0	0	0	0	0	1	3	0	2	2	2	1	3	12	5	109	11	6	77	7	87	18	24	38	1	6	11	0	0	0	0	0	0	0	0	0	0	0	0
YGL181W	0	0	0	0	0	0	0	1	0	0	0	0	0	0	0	0	0	0	2	0	0	0	3	2	2	1	0	1	0	5	1	3	2	0	4	0	0	0	0	0	0	0	0	0	0	0	0	0
YKL032C	0	0	0	0	1	0	0	0	0	0	0	0	0	9	1	1	3	0	0	1	3	0	11	5	11	10	0	6	0	23	0	2	10	1	0	0	0	0	0	0	0	0	0	0	0	0	0	0
YGL013C	0	0	0	0	0	0	1	0	0	0	0	0	5	0	0	3	0	0	1	0	0	0	1	0	4	1	0	1	0	1	1	0	1	0	0	0	0	0	0	0	0	0	0	0	0	0	0	0
YMR070W	0	0	0	0	0	0	1	0	0	0	0	0	0	0	0	0	0	0	0	0	1	0	0	0	1	0	0	0	0	0	0	0	0	0	0	0	0	0	0	0	0	0	0	0	0	0	0	0
YJR162C	0	0	0	0	0	0	0	0	0	0	0	0	0	0	0	0	0	0	0	0	0	1	0	0	0	0	0	0	0	1	0	0	0	0	0	0	0	0	0	0	0	0	0	0	0	0	0	0
YLL043W	0	0	0	0	0	0	0	0	0	0	0	0	0	1	0	0	0	0	0	0	0	0	0	0	3	0	0	2	0	2	0	0	0	0	0	0	0	0	0	0	0	0	0	0	0	0	0	0
YPL009C	0	0	0	0	0	0	1	0	0	0	0	0	0	1	0	20	0	0	8	0	2	0	3	0	283	1	0	17	0	78	7	64	0	62	1	0	1	0	15	0	0	0	0	0	0	0	0	0
YHL050W-A	0	0	0	0	0	0	0	0	0	0	0	0	0	0	0	0	1	0	0	0	0	0	0	0	0	0	0	0	0	0	0	0	0	0	0	0	0	0	0	0	0	0	0	0	0	0	0	0
YBR301W	0	0	0	0	0	0	0	0	0	0	0	0	1	0	1	0	0	0	0	0	0	0	0	0	9	0	0	1	1	2	1	1	1	0	0	0	0	0	1	0	0	0	0	0	0	0	0	0
YBR084C-A	0	0	3	1	1	1	9	2	0	13	1	14	43	36	30	264	27	39	251	51	244	344	1146	146	10360	499	290	3691	292	5915	1312	240	1354	78	49	297	1	4	14	1	1	0	0	0	0	0	0	0
YAR042W	0	0	0	0	0	0	0	0	0	0	0	0	0	0	0	0	0	0	0	0	0	0	0	0	0	0	0	0	0	0	0	0	0	2	0	0	0	0	0	0	0	0	0	0	0	0	0	0
YJL221C	0	0	0	0	0	0	0	0	0	0	0	0	0	0	0	0	1	0	1	0	1	3	5	0	36	8	3	21	2	21	5	3	9	1	3	2	0	0	0	0	0	0	0	0	0	0	0	0
YNL335W	0	0	0	0	0	0	0	0	0	0	0	0	0	0	0	2	0	0	0	0	0	0	0	0	5	0	0	1	0	7	1	2	1	0	0	0	0	0	0	0	0	0	0	0	0	0	0	0
YJL225W-A	0	0	0	0	0	0	0	0	0	0	0	0	0	0	0	0	1	0	0	0	0	0	0	0	0	0	0	0	0	0	0	0	0	0	0	0	0	0	0	0	0	0	0	0	0	0	0	0
YHR217C	0	0	0	0	0	0	0	0	0	0	0	0	0	0	0	0	0	0	0	0	0	0	0	2	0	0	0	0	0	0	0	0	0	0	0	0	0	0	0	0	0	0	0	0	0	0	0	0
YBL007C	0	0	0	0	0	0	0	0	0	0	0	0	0	0	0	6	0	0	2	0	0	0	0	0	0	0	0	0	0	0	0	0	0	0	0	0	0	0	0	0	0	0	0	0	0	0	0	0
YJL214W	0	0	0	0	0	0	0	0	0	0	0	0	0	1	0	0	1	0	0	0	0	0	0	0	0	0	0	0	0	0	0	0	0	0	0	0	0	0	0	0	0	0	0	0	0	0	0	0
YIL105C	0	0	0	0	0	0	0	0	0	0	2	0	0	5	1	0	5	0	0	2	2	0	11	4	16	10	2	18	2	39	2	7	20	6	0	9	3	0	0	0	0	0	0	0	0	0	0	0
YKL162C-A	0	0	0	0	0	0	0	0	0	0	0	0	2	0	2	0	1	3	0	2	2	0	0	1	0	0	87	0	0	2	0	0	0	0	1	0	0	0	0	0	0	0	0	0	0	0	0	0
YGR292W	0	0	0	0	0	0	0	0	0	0	0	0	0	0	0	0	0	0	1	0	4	1	4	1	28	2	5	10	2	16	6	1	7	1	1	0	0	0	0	0	0	0	0	0	0	0	0	0
YOL105C	0	0	0	0	0	0	0	0	0	0	0	0	0	0	0	0	0	0	0	0	0	0	0	0	7	0	0	0	0	4	2	0	0	0	0	5	0	0	0	0	0	0	0	0	0	0	0	0
YMR142C	0	0	0	2	1	2	4	4	1	9	4	14	17	80	28	196	66	39	124	70	222	217	785	114	6689	274	129	2004	163	3233	928	284	1008	121	71	261	0	19	13	4	1	0	1	0	1	0	0	0
YBR212W	0	0	0	0	1	0	0	0	0	0	0	0	0	0	0	2	2	0	0	0	2	1	3	3	8	9	4	5	0	10	4	2	1	0	1	2	0	0	0	0	0	0	0	0	0	0	0	0
YBR112C	0	0	0	0	2	0	0	7	0	0	2	0	0	27	3	4	53	0	5	1	30	2	98	6	74	35	18	22	14	136	7	56	94	78	22	6	36	0	27	0	0	10	0	0	0	0	0	0
YDL182W	0	2	1	1	0	0	3	2	0	6	1	13	20	34	28	201	38	34	110	45	185	248	474	110	4220	227	190	1846	133	2321	738	216	853	68	52	227	1	10	4	0	0	1	0	0	0	0	0	0
YGR085C	5	0	4	2	7	0	13	7	1	25	22	50	138	286	61	715	137	146	446	213	626	1167	3329	381	22421	1323	850	9454	876	10906	3682	1150	3278	261	303	789	7	55	20	0	3	0	0	0	0	0	0	0
YNL031C	2	2	0	1	3	0	6	3	1	9	12	2	66	67	11	273	71	53	224	67	194	390	1006	115	7106	572	240	3662	326	4720	1596	600	2028	147	169	489	7	30	12	0	1	0	0	0	0	0	0	0
YIL169C	2	0	0	0	0	0	1	0	0	0	0	1	4	2	0	9	1	5	5	4	10	20	21	7	190	14	46	65	35	101	35	11	53	3	4	13	0	1	2	0	0	0	0	0	0	0	0	0
YDR225W	0	0	1	0	0	1	2	1	0	4	1	5	17	39	8	139	13	34	89	23	159	119	448	76	3917	132	85	1274	92	1842	489	121	517	38	20	138	0	3	1	0	0	0	0	0	0	0	0	0
YML034W	0	0	0	0	0	0	0	0	0	0	0	0	0	0	0	1	0	0	0	0	1	0	3	3	24	0	0	0	1	12	1	18	10	6	10	0	0	0	5	0	0	0	1	0	0	0	0	0
YCR031C	0	0	0	0	4	0	1	3	2	7	3	6	23	123	17	128	55	18	79	70	123	395	674	75	4565	310	197	2817	137	2399	991	238	616	61	65	156	4	8	8	0	0	0	0	0	0	0	0	0
YMR011W	0	0	0	0	0	0	0	0	0	0	0	1	3	0	0	2	3	3	6	2	13	4	16	1	58	5	0	40	1	6	9	2	12	0	0	2	0	0	0	0	0	0	0	0	0	0	0	0
YIR039C	0	0	0	0	0	0	0	0	0	0	0	0	0	0	0	0	0	0	0	1	0	0	0	0	11	1	0	1	0	3	2	1	3	0	0	1	0	0	0	0	0	0	0	0	0	0	0	0
YGR014W	0	0	0	0	3	0	0	0	3	0	0	2	0	13	5	8	4	4	2	3	25	15	73	26	328	37	11	143	16	240	63	2	63	7	2	35	0	0	0	0	0	0	0	0	0	0	0	0
YMR273C	0	0	0	0	0	0	0	1	0	0	0	0	0	2	0	0	3	0	0	0	2	0	8	0	0	0	1	0	0	0	0	0	0	0	0	0	0	0	0	0	0	0	0	0	0	0	0	0
YGL135W	2	1	2	3	9	4	40	20	4	35	19	54	146	346	93	1126	400	213	716	271	1139	1512	3718	622	38085	1922	1113	14945	1271	22900	7621	3834	8529	542	851	1885	16	106	70	3	2	0	1	1	0	0	0	0
YOR123C	0	0	0	0	0	0	0	0	0	0	0	0	0	0	0	0	0	0	0	0	1	0	0	0	0	0	0	0	0	0	0	0	0	0	0	0	0	0	0	0	0	0	0	0	0	0	0	0
YPR120C	0	0	0	0	0	0	0	0	0	0	0	0	0	0	1	0	0	0	0	0	0	0	0	0	0	0	0	0	0	0	0	0	0	0	0	0	0	0	0	0	0	0	0	0	0	0	0	0
YOL130W	0	0	0	0	0	0	0	0	0	0	0	0	0	0	0	0	0	0	1	0	2	0	1	0	5	1	0	3	0	1	2	0	1	0	0	0	0	0	0	0	0	0	0	0	0	0	0	0
YOL155C	2	0	0	0	0	0	1	0	0	0	0	1	5	6	3	10	2	11	13	1	38	26	57	14	500	26	24	229	19	316	106	19	125	20	7	46	0	6	4	0	0	0	0	0	0	0	0	0
YDL191W	1	0	2	0	12	2	17	11	1	41	23	48	81	193	87	522	272	145	447	203	530	1095	2284	396	18114	1204	861	8370	716	11390	2959	1244	4666	177	361	810	5	40	12	0	0	0	0	0	0	0	0	0
YJL123C	0	0	0	0	0	0	0	0	0	0	0	0	0	0	0	0	0	0	0	0	1	0	1	0	3	0	0	1	0	5	0	0	0	0	0	0	0	0	0	0	0	0	0	0	0	0	0	0
YOL138C	0	0	0	0	0	0	0	0	0	0	0	0	0	0	0	2	0	0	0	0	0	0	4	2	20	0	1	1	2	10	0	5	6	1	2	0	0	0	1	0	0	0	0	0	0	0	0	0
YHR066W	0	0	0	0	0	0	0	0	0	0	0	1	5	2	4	11	2	3	5	3	5	8	28	8	156	12	7	53	8	111	28	11	34	0	0	4	0	0	0	0	0	0	0	0	0	0	0	0
YER060W	0	0	0	0	0	0	0	0	0	1	0	0	0	1	0	0	1	0	1	0	0	1	3	0	21	2	0	4	1	13	0	0	6	0	0	1	0	0	0	0	0	0	0	0	0	0	0	0
YAL065C	0	0	0	0	0	0	0	0	0	0	0	0	0	0	0	0	0	1	1	0	0	0	1	2	10	1	1	1	1	0	0	2	1	1	0	0	0	0	0	0	0	0	0	0	0	0	0	0
YOR010C	0	0	0	0	0	0	0	0	0	0	0	0	1	1	0	1	1	0	3	0	1	0	5	0	63	2	1	22	0	35	9	3	8	0	1	2	0	0	0	0	0	0	0	0	0	0	0	0
YLR287C-A	0	0	1	0	0	0	6	0	1	9	6	12	20	36	15	117	23	26	141	39	178	375	389	109	4308	241	165	1865	158	1392	970	254	535	37	91	135	1	17	1	0	0	0	0	0	0	0	0	0
YMR164C	1	0	0	0	0	0	0	0	0	1	1	2	0	24	1	9	16	0	10	3	5	4	59	5	97	24	10	20	13	163	10	13	68	17	3	32	4	2	6	1	0	0	0	0	0	0	0	0
YOR388C	0	0	0	0	0	0	0	0	0	0	0	0	0	0	0	0	0	0	0	0	0	1	0	0	8	0	0	2	2	5	0	0	2	0	1	0	0	0	0	0	0	0	0	0	0	0	0	0
YCR104W	0	0	0	0	0	0	0	0	0	0	0	0	0	0	0	0	0	0	0	0	0	1	2	0	5	1	1	0	1	1	3	0	1	0	0	0	0	0	0	0	0	0	0	0	0	0	0	0
YMR322C	0	0	0	0	0	0	0	0	0	0	0	0	0	1	0	0	0	1	0	1	0	1	0	0	4	0	1	5	1	5	1	1	0	1	1	1	0	0	0	0	0	0	0	0	0	0	0	0
YDR040C	0	1	1	0	0	1	4	0	0	2	2	7	23	24	12	106	21	35	78	29	143	160	357	81	2955	178	145	1315	111	1896	617	151	633	44	49	168	2	4	7	0	1	0	0	0	0	0	0	0
YPL048W	0	0	0	0	0	0	0	0	0	1	0	1	2	1	1	14	2	4	17	2	5	27	20	5	456	7	0	113	0	84	11	6	75	2	5	4	0	0	0	0	0	0	0	0	0	0	0	0
YLL064C	0	0	0	0	0	0	0	0	0	0	0	0	1	0	1	0	0	0	0	0	0	0	3	0	8	0	0	1	0	4	1	1	1	0	0	1	0	0	0	0	0	0	0	0	0	0	0	0
YHR047C	0	0	0	0	0	0	0	0	0	0	0	0	0	0	0	0	0	0	0	0	2	0	0	0	1	0	0	0	0	0	0	0	0	0	0	0	0	0	0	0	0	0	0	0	0	0	0	0
YJL165C	0	0	0	0	0	0	0	1	0	0	0	0	0	0	0	0	0	0	0	0	0	0	0	0	0	0	0	0	0	0	0	0	0	0	0	0	0	0	0	0	0	0	0	0	0	0	0	0
YNL104C	0	0	0	0	0	0	1	0	0	0	0	0	1	4	1	25	3	1	11	2	12	14	38	8	262	14	5	78	13	90	39	13	35	3	2	8	0	0	0	0	0	0	0	0	0	0	0	0
YLR180W	0	0	0	0	0	0	1	3	0	1	0	4	4	12	11	57	17	8	49	15	60	52	237	45	2261	150	32	1024	53	911	300	62	349	30	5	49	1	1	0	0	0	0	0	0	0	0	0	0
YPL190C	1	0	0	0	0	0	0	1	0	1	3	2	0	13	2	11	15	1	7	2	5	0	44	3	138	21	10	22	13	163	8	26	69	30	19	30	8	2	9	1	0	0	0	0	0	0	0	0
YMR242C	1	0	1	5	0	0	13	0	0	15	8	19	147	77	35	765	60	64	251	133	282	837	1604	109	11252	643	223	4096	540	3427	2093	492	854	167	82	257	5	19	6	0	0	0	0	0	0	0	0	0
YNL112W	0	0	0	0	0	0	0	0	0	0	0	0	0	0	0	0	0	0	0	0	0	0	0	0	1	0	0	0	0	0	0	0	0	0	0	0	0	0	0	0	0	0	0	0	0	0	0	0
YLR403W	0	0	0	0	0	0	0	0	0	0	0	0	0	0	0	0	0	0	0	0	0	0	0	0	4	0	2	1	0	0	0	0	0	0	0	0	0	0	0	0	0	0	0	0	0	0	0	0
YIR023W	0	0	0	0	0	0	0	0	0	0	0	0	0	0	0	0	0	0	0	0	0	0	0	0	0	0	0	0	0	6	0	0	0	0	0	0	0	0	0	0	0	0	0	0	0	0	0	0
YDL092W	0	0	0	0	0	0	0	0	0	0	0	0	0	0	0	0	0	0	0	0	0	0	0	0	1	0	0	0	0	0	0	0	0	0	0	0	0	0	0	0	0	0	0	0	0	0	0	0
YGR143W	0	0	0	0	0	0	0	0	0	0	0	0	0	0	0	0	0	1	2	0	1	0	0	0	7	1	0	7	0	12	0	0	6	0	0	0	0	0	0	0	0	0	0	0	0	0	0	0
YER158C	0	0	0	0	0	0	0	0	0	0	0	0	0	0	0	0	0	0	2	0	0	0	0	0	2	0	0	0	0	8	0	0	0	0	0	0	0	0	0	0	0	0	0	0	0	0	0	0
YAR050W	0	0	0	0	0	0	0	0	0	0	0	0	0	0	0	0	0	1	2	0	0	0	5	1	10	1	3	4	6	4	0	6	2	1	0	1	0	0	0	0	0	0	0	0	0	0	0	0
YOR267C	0	0	0	0	0	0	0	4	0	0	0	0	0	16	0	0	47	0	0	0	33	0	71	0	17	7	15	0	8	109	7	45	82	70	30	0	36	0	30	0	0	9	0	0	0	0	0	0
YLR095C	0	0	0	0	0	0	0	0	0	0	0	0	0	4	0	0	0	0	3	0	0	1	7	0	25	8	0	5	2	15	3	5	2	0	0	0	0	0	0	0	0	0	0	0	0	0	0	0
YHR044C	0	0	0	0	1	0	0	0	0	0	1	1	1	5	3	5	4	1	4	2	15	16	40	8	293	13	15	107	10	235	47	16	70	4	6	9	0	0	0	0	0	0	0	0	0	0	0	0
YHR056C	0	1	0	0	0	0	1	0	0	1	2	0	1	3	1	33	4	5	13	5	18	36	69	14	475	34	20	188	37	302	87	30	99	14	8	33	0	1	0	0	0	0	0	0	0	0	0	0
YER111C	1	0	0	0	0	0	0	0	0	1	0	2	0	3	0	1	0	0	0	0	0	0	0	0	0	0	0	0	0	1	0	0	0	0	0	0	0	0	0	0	0	0	0	0	0	0	0	0
YPL158C	0	0	0	0	0	0	0	0	0	0	0	0	0	0	2	2	0	0	0	0	0	0	5	0	21	0	0	2	0	12	2	0	3	0	0	0	1	0	0	0	0	0	0	0	0	0	0	0
YKR094C	5	2	1	1	2	1	17	5	3	36	6	25	93	86	40	617	87	98	383	81	429	493	1568	219	14184	1017	414	6420	586	9099	2223	1355	2755	177	182	594	22	56	23	0	1	3	1	0	1	0	0	0
YBL081W	0	0	0	2	0	0	0	0	0	2	0	0	11	3	0	8	0	3	1	1	2	15	7	0	24	1	11	8	33	9	13	32	2	20	2	14	0	1	3	0	0	0	0	0	0	0	0	0
YOL039W	0	0	0	0	3	0	1	0	0	6	2	2	7	15	7	41	27	10	67	9	36	30	221	56	2481	214	26	1916	35	1016	190	222	486	17	32	13	1	0	2	0	0	0	0	0	0	0	0	0
YHR214W	0	0	0	0	0	0	0	0	0	0	0	1	0	0	0	2	0	0	1	0	0	2	8	2	43	1	2	19	1	24	5	7	10	0	3	0	0	0	0	0	0	0	0	0	0	0	0	0
YLR264W	0	0	0	0	1	0	0	0	0	1	0	0	0	1	4	12	6	1	19	3	26	11	93	24	708	59	13	475	16	142	74	6	69	0	1	0	0	0	0	0	0	0	0	0	0	0	0	0
YLR460C	0	0	0	0	0	0	0	0	0	0	0	1	0	1	0	1	0	0	0	0	3	6	11	2	51	3	1	35	0	30	15	5	9	2	0	1	0	0	0	0	0	0	0	0	0	0	0	0
YLR216C	1	1	0	0	0	0	0	0	0	0	0	0	0	0	0	0	0	0	0	0	0	0	0	0	0	0	0	0	0	0	0	0	0	0	0	0	0	0	0	0	0	0	0	0	0	0	0	0
YOR081C	0	0	0	0	0	0	0	0	0	0	0	0	0	0	0	0	0	0	0	0	0	0	0	0	0	2	0	0	0	0	0	0	0	0	0	0	0	0	0	0	0	0	0	0	0	0	0	0
YNL298W	0	0	0	0	0	0	0	0	0	0	0	0	0	0	0	2	1	0	0	0	0	0	0	3	6	0	4	4	0	10	0	1	1	0	1	0	0	0	0	0	0	0	0	0	0	0	0	0
YDR420W	0	0	0	0	0	0	0	0	0	0	0	0	0	0	16	0	0	10	9	0	3	0	44	35	305	19	10	165	4	180	106	8	110	16	0	32	0	0	0	0	0	0	0	0	0	0	0	0
YGL172W	0	0	0	0	0	0	0	0	0	0	0	0	0	0	0	1	0	0	0	0	0	0	0	0	0	0	0	0	0	0	0	0	0	0	0	0	0	0	0	0	0	0	0	0	0	0	0	0
YLR286C	0	0	0	2	0	0	0	0	0	0	0	0	0	0	0	16	0	0	0	0	8	4	12	0	120	0	2	0	0	4	0	0	0	0	0	0	0	0	0	0	0	0	0	0	0	0	0	0
YNL016W	0	0	0	0	0	0	0	0	0	0	1	0	0	9	0	3	5	0	3	3	2	4	17	4	76	13	1	41	1	46	9	5	13	0	0	5	0	0	0	0	0	0	0	0	0	0	0	0
YML113W	0	0	0	0	0	0	0	0	0	0	0	0	0	2	0	0	1	0	0	1	1	0	11	0	9	4	2	2	3	9	0	1	9	0	2	0	0	0	0	0	0	0	0	0	0	0	0	0
YDR436W	0	0	0	0	0	0	0	0	0	0	0	0	0	0	0	0	0	0	0	0	0	0	1	0	0	0	0	0	0	0	0	0	0	0	0	0	0	0	0	0	0	0	0	0	0	0	0	0
YOL052C-A	0	0	0	0	0	0	0	0	0	0	0	0	0	0	1	0	0	0	0	0	0	0	0	0	0	0	0	0	0	0	0	0	0	0	0	0	0	0	0	0	0	0	0	0	0	0	0	0
YFL061W	0	0	0	0	0	0	0	0	0	0	0	0	0	0	0	2	0	0	0	0	0	0	0	0	5	0	0	1	0	7	1	2	1	0	0	0	0	0	0	0	0	0	0	0	0	0	0	0
YKL117W	0	0	0	0	0	0	0	0	0	0	0	0	0	0	0	2	0	0	0	0	0	1	2	0	0	0	0	0	0	0	0	0	0	0	0	0	0	0	0	0	0	0	0	0	0	0	0	0
YLR330W	0	0	0	0	0	0	0	0	0	3	0	0	0	0	0	0	8	8	3	0	16	12	27	3	314	6	3	87	10	220	57	9	35	6	0	27	0	0	0	0	0	0	0	0	0	0	0	0
YOL157C	0	0	0	0	0	0	0	0	0	0	0	0	0	0	0	0	1	0	1	0	1	3	5	0	37	8	3	18	2	18	5	3	10	1	3	2	0	0	0	0	0	0	0	0	0	0	0	0
YNR072W	0	0	0	0	0	0	0	0	0	0	0	0	0	0	0	0	0	0	0	0	0	0	0	0	1	0	0	0	0	0	0	0	0	0	0	0	0	0	0	0	0	0	0	0	0	0	0	0
YOR310C	0	0	0	0	0	0	0	0	0	2	0	0	2	0	0	4	1	0	2	0	1	1	1	1	12	0	0	1	1	4	1	1	1	0	0	0	0	0	0	0	0	0	0	0	0	0	0	0
YHL009W-B	0	0	0	0	0	0	0	0	0	0	0	0	0	0	0	1	0	3	4	1	1	1	5	0	37	7	7	20	6	19	11	1	5	3	0	1	0	0	0	0	0	0	0	0	0	0	0	0
YJR160C	0	0	0	0	0	0	0	0	0	0	0	0	0	0	0	1	0	0	0	0	0	1	1	0	4	3	0	5	0	6	1	1	0	0	0	1	0	0	0	0	0	0	0	0	0	0	0	0
YPR159W	0	0	0	0	0	0	0	0	0	0	0	0	0	0	0	0	0	1	2	0	1	0	0	0	7	1	0	7	0	12	0	0	6	0	0	0	0	0	0	0	0	0	0	0	0	0	0	0
YPR148C	0	0	0	0	0	0	0	0	0	0	0	0	0	0	1	0	0	0	0	0	0	0	1	0	11	0	0	2	0	8	0	0	1	0	0	0	0	0	0	0	0	0	0	0	0	0	0	0
YMR303C	1	1	1	0	4	0	11	5	1	52	12	19	108	212	68	968	194	103	566	181	525	1008	3260	384	25445	1670	814	12395	870	15036	4274	1401	5366	416	499	1030	6	73	74	0	9	0	1	0	3	0	0	0
YIL123W	0	0	0	0	0	0	0	0	0	0	0	0	0	0	0	0	0	0	0	0	0	0	1	2	1	0	0	0	0	0	1	1	0	0	0	0	0	0	0	2	0	0	0	0	0	0	0	0
YPL079W	5	0	1	2	3	0	13	3	0	34	1	22	55	134	26	398	96	59	311	137	256	457	1580	147	9643	591	276	3199	275	4486	1353	476	1601	86	160	261	4	14	3	1	0	0	0	0	0	0	0	0
YBL017C	0	0	0	0	0	0	0	0	0	0	0	0	0	0	0	2	0	1	4	2	1	4	6	0	39	3	0	26	0	11	4	2	8	0	0	0	0	0	0	0	0	0	0	0	0	0	0	0
YBR145W	0	0	0	0	0	0	0	0	0	0	0	0	0	0	0	0	0	0	0	0	0	0	0	0	0	0	0	0	0	1	0	0	1	0	0	0	0	0	0	0	0	0	0	0	0	0	0	0
YAR066W	0	0	0	0	0	0	0	0	0	0	0	1	0	0	0	2	0	0	1	0	0	2	8	2	43	1	2	19	1	24	5	7	10	0	3	0	0	0	0	0	0	0	0	0	0	0	0	0
YKL157W	0	0	0	0	0	0	0	0	0	0	0	0	0	0	0	0	0	0	0	0	2	0	0	0	1	0	0	0	0	0	0	0	0	0	0	0	0	0	0	0	0	0	0	0	0	0	0	0
YBR013C	0	0	0	0	0	0	0	0	0	0	0	0	0	0	0	0	0	0	0	0	0	0	1	0	0	0	0	0	0	0	0	0	0	0	0	0	0	0	0	0	0	0	0	0	0	0	0	0
YMR121C	1	2	0	1	7	1	9	6	1	24	10	15	58	194	32	317	123	53	404	134	278	442	1318	150	9519	658	311	4174	364	6126	1643	547	2286	104	127	450	2	19	9	0	4	0	1	0	0	0	0	0
YMR186W	5	2	3	1	6	3	19	7	9	30	9	60	106	188	117	761	190	142	531	150	865	884	2055	476	20861	1069	655	8484	583	12068	3469	1012	4591	283	331	983	11	39	32	1	5	0	1	0	0	0	0	0
YNL331C	0	0	0	0	0	0	0	0	0	0	0	0	0	0	0	0	0	0	0	0	0	0	0	0	2	1	0	0	0	2	0	0	1	0	0	0	0	0	0	0	0	0	0	0	0	0	0	0
YPL083C	0	0	0	0	0	0	0	0	0	0	0	0	0	1	0	2	0	0	1	0	1	0	0	0	0	0	0	2	0	0	0	1	0	0	0	0	0	0	0	0	0	0	0	0	0	0	0	0
YDR304C	0	0	0	0	0	0	0	0	0	0	0	0	0	0	1	4	1	0	5	0	0	0	0	0	3	0	0	0	0	2	1	0	3	1	0	0	0	0	0	0	0	0	0	0	0	0	0	0
YML133W-B	0	0	0	0	0	0	0	0	0	0	0	0	0	0	0	0	1	0	0	0	0	0	0	0	0	0	0	0	0	0	0	0	0	0	0	0	0	0	0	0	0	0	0	0	0	0	0	0
YML133W-A	0	0	0	0	0	0	0	0	0	0	0	0	0	0	0	0	0	0	0	1	0	0	0	0	0	0	0	0	0	0	0	0	0	0	0	0	0	0	0	0	0	0	0	0	0	0	0	0
YJR156C	0	0	0	0	0	0	0	0	0	1	0	0	0	0	1	4	1	0	2	0	3	3	6	0	30	1	5	12	7	25	4	2	14	0	1	3	0	0	0	0	0	0	0	0	0	0	0	0
YOL165C	0	0	0	0	0	0	0	0	0	0	0	0	0	0	0	0	0	0	0	0	0	0	0	0	0	0	0	0	1	0	0	0	0	0	0	0	0	0	0	0	0	0	0	0	0	0	0	0
YMR207C	0	0	0	0	0	0	0	0	0	0	0	0	0	0	0	0	0	0	0	0	0	0	0	0	0	0	0	1	0	0	0	0	1	0	0	0	0	0	0	0	0	0	0	0	0	0	0	0
YCR107W	0	0	0	0	0	0	0	0	0	0	0	0	0	0	0	0	0	0	0	0	0	0	0	0	0	0	0	0	1	0	0	0	1	0	0	0	0	0	0	0	0	0	0	0	0	0	0	0
YKR089C	0	0	0	0	0	0	0	0	0	0	0	0	0	0	0	0	0	0	0	0	0	0	0	0	0	2	0	0	0	0	0	0	0	0	0	0	0	0	0	0	0	0	0	0	0	0	0	0
YKR072C	0	0	0	0	0	0	0	0	0	0	0	0	0	0	0	0	0	1	0	0	0	0	9	0	115	0	0	6	1	20	0	11	0	4	0	0	0	0	0	0	0	0	0	0	0	0	0	0
YDL014W	0	0	0	0	0	0	0	0	0	2	0	0	0	0	0	16	8	2	12	0	14	6	77	22	498	34	4	183	2	174	22	16	28	2	6	0	0	0	0	0	0	0	0	0	0	0	0	0
YOR239W	0	0	0	0	0	0	2	0	0	2	0	0	3	0	0	0	0	0	0	0	0	0	0	0	0	0	0	0	0	0	0	0	0	0	0	0	0	0	0	0	0	0	0	0	0	0	0	0
YJL020C	0	0	0	0	0	0	0	0	0	0	0	0	0	0	0	4	0	0	0	0	2	2	8	4	70	2	8	10	6	38	10	0	4	2	2	2	0	0	0	0	0	0	0	0	0	0	0	0
YIR006C	0	0	0	0	0	0	0	0	0	0	0	0	2	9	0	18	7	6	6	7	9	17	55	21	291	20	9	96	16	183	55	8	65	9	4	20	0	2	0	0	0	0	0	0	0	0	0	0
YCR024C-A	0	0	0	1	0	0	2	3	0	7	2	6	14	9	6	136	17	11	263	10	40	119	161	46	750	167	93	743	76	508	74	79	234	4	27	14	0	4	0	0	0	0	0	0	0	0	0	0
YNL042W-B	10	0	465	3	2	1831	10	6	198	66	2	4	12	5	8	22	10	16	90	1	34	10	19	89	17	36	51	45	5	957	10	13	1835	6	20	110	10	10	15	0	1	2	0	0	1	0	0	0
YHL024W	0	0	0	0	0	0	0	0	0	2	0	0	1	1	0	1	0	0	0	0	0	0	0	0	0	0	0	0	0	0	0	0	0	0	0	0	0	0	0	0	0	0	0	0	0	0	0	0
YPL146C	0	0	0	0	0	0	0	0	0	0	0	0	0	1	0	3	0	0	1	0	1	0	1	0	4	0	0	2	0	2	0	0	0	0	0	0	0	0	0	0	0	0	0	0	0	0	0	0
YER075C	0	0	0	0	0	0	0	0	0	0	0	0	0	0	0	1	0	0	0	0	0	0	0	0	1	0	0	0	0	0	0	2	1	0	0	0	0	0	0	0	0	0	0	0	0	0	0	0
YHR094C	0	0	0	0	0	0	0	0	0	5	0	0	9	17	3	55	33	5	52	11	26	14	107	15	699	69	17	438	20	314	122	39	163	8	14	30	0	0	0	0	0	0	0	0	0	0	0	0
YEL076C	0	0	0	0	0	0	0	0	0	0	0	0	0	2	0	8	1	3	5	2	15	20	18	3	206	20	28	80	22	128	49	11	60	1	3	8	0	1	0	0	0	0	0	0	0	0	0	0
YNL332W	0	0	0	0	0	0	0	0	0	1	0	0	0	0	0	3	1	0	1	0	4	4	6	0	25	1	4	12	7	24	4	2	12	0	1	3	0	0	0	0	0	0	0	0	0	0	0	0
YHR161C	2	0	0	0	0	0	0	0	0	0	2	0	0	6	0	0	1	0	1	0	0	2	10	0	12	6	0	0	4	11	4	0	2	0	0	2	0	0	0	0	0	0	0	0	0	0	0	0
YNR065C	0	0	0	0	0	0	0	0	0	0	0	1	1	1	1	7	3	1	8	2	6	9	15	3	105	13	2	60	6	55	13	9	24	2	1	5	0	0	0	0	0	0	0	0	0	0	0	0
YML049C	0	0	0	0	0	0	0	0	0	0	0	0	0	0	0	0	0	0	0	0	1	0	0	0	0	0	0	0	0	0	0	0	0	0	0	0	0	0	0	0	0	0	0	0	0	0	0	0
YBR067C	0	0	0	0	0	0	0	0	0	0	0	0	0	2	0	0	0	0	0	6	0	2	0	0	2	0	2	0	0	7	0	0	0	0	0	0	0	0	0	0	0	0	0	0	0	0	0	0
YGR138C	0	1	0	0	0	1	0	0	0	2	0	2	2	6	4	40	7	10	22	8	46	40	81	24	793	49	27	418	38	570	171	40	219	17	11	58	0	0	2	0	0	0	0	0	0	0	0	0
YJR151C	0	0	0	0	0	0	0	0	0	0	0	0	0	0	0	0	0	0	0	0	0	0	0	0	10	0	8	0	0	4	4	0	0	0	0	0	0	0	0	0	0	0	0	0	0	0	0	0
YJR086W	0	0	0	0	0	0	0	1	0	0	0	0	0	2	0	0	0	0	0	0	0	0	0	0	0	0	0	0	0	0	0	0	0	0	0	0	0	0	0	0	0	0	0	0	0	0	0	0
YFL024C	0	0	0	0	0	0	0	0	0	0	0	0	0	1	0	0	0	0	0	0	0	0	0	1	1	1	0	0	0	1	0	0	0	0	0	1	0	0	0	0	0	0	0	0	0	0	0	0
YER074W	1	0	7	1	4	6	5	7	1	26	7	42	78	124	50	455	99	72	387	120	423	888	1754	269	17867	873	355	7466	445	8860	2517	1113	3285	225	246	555	4	18	19	0	0	0	0	0	0	0	0	0
YIL173W	0	0	0	0	0	0	1	0	0	1	0	1	3	4	3	20	5	5	14	9	25	24	59	18	417	44	19	203	22	282	77	22	103	5	6	23	0	0	0	0	0	0	0	0	0	0	0	0
YDR366C	0	0	0	0	0	0	0	0	0	0	0	0	0	0	0	1	2	0	0	0	4	1	1	1	4	7	0	12	2	1	4	0	0	3	1	1	0	0	0	0	0	0	0	0	0	0	0	0
YIL130W	0	0	0	0	0	0	0	0	0	0	0	0	0	0	0	2	0	0	0	0	0	2	0	0	6	0	0	0	0	0	0	2	0	3	0	0	0	0	0	0	0	0	0	0	0	0	0	0
YER056C-A	2	0	1	3	1	4	12	0	1	41	11	12	89	63	18	336	43	27	136	46	178	182	1102	83	7647	535	110	2871	295	2191	1596	166	773	49	66	138	2	10	2	0	1	0	0	0	0	0	0	0
YGR192C	34	12	27	40	97	22	285	105	36	560	174	570	1671	2433	811	11176	2575	2066	9301	2790	6918	18918	32216	4717	319977	17510	10554	151209	9642	164484	60230	15451	60970	5393	6119	14874	139	901	414	7	48	8	2	9	4	0	1	2
YJL158C	1	0	0	1	2	0	3	4	0	7	2	4	14	60	4	238	49	9	360	18	85	174	308	69	2175	264	74	1232	130	1585	459	113	799	45	30	168	0	4	6	0	0	0	0	0	0	0	0	0
YDL172C	0	0	0	0	0	0	0	0	0	0	1	0	0	0	0	0	0	0	0	0	0	0	0	0	0	0	0	0	0	0	0	0	0	0	0	0	0	0	0	0	0	0	0	0	0	0	0	0
YCL073C	0	0	0	0	0	0	0	0	0	0	0	0	0	0	0	0	0	1	0	0	0	0	4	0	15	1	1	6	0	12	2	0	5	0	0	1	0	0	0	0	0	0	0	0	0	0	0	0
YOR156C	0	0	0	1	0	0	0	0	0	0	0	0	0	0	0	0	0	0	0	0	0	0	0	0	0	0	0	0	0	0	0	0	0	0	0	0	0	0	0	0	0	0	0	0	0	0	0	0
YAR071W	0	0	0	0	0	0	0	0	0	0	0	1	0	3	0	6	1	0	5	2	5	9	24	3	174	11	0	67	5	68	15	13	26	2	8	5	0	0	1	0	0	0	0	0	0	0	0	0
YGL210W	0	0	0	0	0	0	0	0	0	0	0	0	0	0	0	0	0	0	0	0	0	0	0	0	0	0	0	0	0	1	0	0	0	0	0	0	0	0	0	0	0	0	0	0	0	0	0	0
YKL219W	0	0	0	0	0	0	0	0	0	1	0	0	1	2	0	0	2	0	2	0	6	2	9	3	42	4	1	29	3	40	5	2	10	1	0	1	0	0	0	0	0	0	0	0	0	0	0	0
YDL244W	0	0	0	0	0	0	0	0	0	1	0	0	0	0	0	4	1	0	2	0	3	4	5	0	27	1	5	8	5	20	3	1	14	0	1	3	0	0	0	0	0	0	0	0	0	0	0	0
YBR049C	0	0	0	0	0	0	0	0	0	0	0	0	0	0	0	0	0	0	0	0	0	0	0	0	0	0	0	0	0	1	0	0	0	0	0	0	0	0	0	0	0	0	0	0	0	0	0	0
YOR359W	0	0	0	0	0	0	0	0	0	0	0	0	0	0	0	0	0	0	0	0	0	0	0	0	0	0	0	0	0	1	0	0	0	0	0	0	0	0	0	0	0	0	0	0	0	0	0	0
YLL021W	0	0	0	0	0	0	0	0	0	0	0	0	0	0	0	0	0	0	0	0	0	0	0	0	2	0	0	0	0	2	0	0	0	0	0	0	0	0	0	0	0	0	0	0	0	0	0	0
YFL033C	0	0	0	1	0	0	0	0	0	0	0	0	0	1	0	0	0	0	0	0	0	1	0	0	8	0	0	0	0	1	0	1	0	0	0	0	0	0	0	0	0	0	0	0	0	0	0	0
YDL229W	5	2	6	4	9	7	59	14	8	75	31	117	253	348	191	1785	400	339	1198	419	1944	2425	6224	1027	61331	2829	1738	23596	1714	36647	10574	3177	11699	771	730	2646	27	110	40	2	1	1	2	0	0	2	0	0
YER033C	0	0	0	0	0	0	0	0	0	0	0	0	0	0	0	0	0	0	0	0	1	0	2	0	5	1	0	0	0	2	0	0	0	0	0	0	0	0	0	0	0	0	0	0	0	0	0	0
YIR037W	0	0	0	0	1	0	0	0	0	0	0	0	0	0	0	1	0	0	0	0	0	0	0	0	0	0	0	0	0	0	0	0	0	0	0	0	0	0	0	0	0	0	0	0	0	0	0	0
YPR156C	0	1	0	0	0	1	0	0	0	2	0	2	2	6	4	40	7	10	22	8	46	40	81	24	793	49	27	418	38	570	171	40	219	17	11	58	0	0	2	0	0	0	0	0	0	0	0	0
YLR451W	0	0	0	0	0	0	0	0	0	0	0	0	0	1	0	1	0	0	0	0	0	0	0	1	0	0	0	0	0	0	0	0	0	1	0	0	0	0	0	0	0	0	0	0	0	0	0	0
YNR047W	0	0	0	0	0	0	0	0	0	0	0	0	0	0	0	0	0	0	0	0	0	0	0	0	0	0	0	2	0	2	0	0	0	0	0	0	0	0	0	0	0	0	0	0	0	0	0	0
YJL222W	0	0	0	0	0	0	1	0	0	1	0	1	3	4	3	20	5	5	14	9	25	24	59	18	417	44	19	203	22	282	77	22	103	5	6	23	0	0	0	0	0	0	0	0	0	0	0	0
YDR154C	1	0	1	0	0	0	0	0	0	0	0	0	0	1	0	1	0	4	0	0	5	0	0	1	0	0	3	0	3	0	0	3	1	0	0	1	0	0	0	0	0	0	0	0	0	0	0	0
YLR333C	7	1	0	0	0	5	1	0	0	2	2	1	11	5	3	39	11	6	14	4	27	59	50	9	765	42	11	215	14	277	80	38	79	8	6	9	0	0	0	0	0	0	0	0	0	0	0	0
YLR432W	1	0	1	0	2	0	5	1	1	8	0	7	25	38	16	124	30	32	82	49	141	225	439	70	3419	206	146	1297	112	1787	709	199	633	56	59	209	2	12	4	0	0	0	0	0	0	0	0	0
YNR077C	0	0	0	0	0	0	0	0	0	0	0	0	0	0	0	0	0	0	0	0	0	1	0	0	0	0	0	0	0	1	0	0	0	0	0	0	0	0	0	0	0	0	0	0	0	0	0	0
YDR534C	0	0	0	0	0	0	0	0	0	0	0	0	0	0	0	0	0	0	0	0	3	0	0	0	13	0	0	0	0	3	4	0	0	0	0	2	0	0	0	0	0	0	0	0	0	0	0	0
YIL060W	0	0	0	0	0	0	0	0	0	0	0	1	0	3	1	0	3	0	1	1	1	2	3	0	15	2	1	15	0	18	2	4	12	2	2	2	0	1	0	0	0	0	0	0	0	0	0	0
YJL115W	0	0	0	0	0	0	0	0	0	0	0	0	0	0	0	0	0	0	0	0	0	0	0	0	1	0	0	0	0	0	0	0	0	0	0	0	0	0	0	0	0	0	0	0	0	0	0	0
YHR183W	0	0	0	0	0	0	0	0	0	0	0	0	0	0	0	0	0	0	0	0	0	0	0	1	1	0	0	1	0	8	0	0	3	0	0	1	0	0	0	0	0	0	0	0	0	0	0	0
YDR186C	0	0	0	0	0	0	0	0	0	0	0	0	0	0	0	0	0	0	0	0	0	0	0	0	7	0	0	1	0	3	0	0	0	0	0	0	0	0	0	0	0	0	0	0	0	0	0	0
YJL138C	5	1	9	5	13	1	40	9	4	58	24	68	226	350	113	1376	289	241	1021	329	1111	2136	4246	667	38195	2199	1470	16821	1349	21132	7667	1979	7818	521	497	1954	12	103	47	3	1	1	0	0	0	0	0	0
YCR099C	0	0	0	0	0	0	0	0	0	0	0	0	0	0	0	0	0	0	1	0	0	0	0	0	0	0	0	0	0	0	0	0	0	0	0	0	0	0	0	0	0	0	0	0	0	0	0	0
YDR213W	0	0	0	0	0	0	0	0	0	0	0	0	0	1	0	0	0	0	0	0	0	0	0	0	3	0	0	0	0	0	0	0	0	0	0	0	0	0	0	0	0	0	0	0	0	0	0	0
YAR028W	0	0	0	0	0	0	0	0	1	1	0	0	0	0	0	1	0	0	0	0	0	0	1	2	10	2	0	9	0	3	1	1	7	0	0	0	0	0	0	0	0	0	0	0	0	0	0	0
YCR018C-A	0	0	0	0	0	0	0	0	0	0	0	1	0	1	0	0	2	1	1	0	2	3	6	3	11	19	5	15	9	9	10	3	9	0	2	4	0	0	0	0	0	0	0	0	0	0	0	0
YAR053W	0	0	0	0	0	0	0	0	0	0	0	0	1	0	0	0	0	0	0	1	0	0	0	0	1	0	0	0	0	0	1	0	1	0	0	0	0	0	0	0	0	0	0	0	0	0	0	0
YPR102C	5	0	4	2	7	0	13	7	1	25	22	50	138	286	61	715	137	146	446	213	626	1167	3329	381	22421	1323	850	9454	876	10906	3682	1150	3278	261	303	789	7	55	20	0	3	0	0	0	0	0	0	0
YNL334C	0	0	0	1	0	0	1	0	0	0	0	0	1	0	0	0	1	0	1	1	2	2	5	1	19	6	4	23	2	10	5	9	12	0	0	4	0	0	0	0	0	0	0	0	0	0	0	0
YDR340W	0	0	0	0	0	0	0	0	0	0	0	0	0	0	0	0	0	0	0	0	0	0	0	0	0	4	1	11	2	0	1	0	1	0	0	0	0	0	0	0	0	0	0	0	0	0	0	0
YBR010W	2	2	0	1	3	0	6	3	1	9	12	2	66	67	11	273	71	53	224	67	194	391	1004	116	7104	572	242	3663	326	4719	1597	599	2028	148	169	488	7	30	12	0	1	0	0	0	0	0	0	0
YDL104C	0	0	0	0	0	0	0	0	0	0	0	0	0	0	0	0	0	0	0	0	0	0	0	0	0	1	0	0	0	0	0	0	0	0	0	0	0	0	0	0	0	0	0	0	0	0	0	0
YPL090C	4	0	4	1	10	5	26	6	4	46	16	49	176	331	129	1204	323	219	847	373	1227	1955	5139	700	40780	2388	1407	17329	1438	22872	7325	2256	7932	515	630	1623	11	74	73	0	12	1	0	0	0	0	0	0
YBR302C	0	0	0	0	1	0	2	1	1	5	3	10	10	30	36	86	73	35	68	56	118	109	260	123	1878	198	123	1189	143	1410	464	119	792	25	42	179	5	7	2	0	0	0	0	0	0	0	0	0
YAR033W	0	0	0	0	0	0	0	0	0	0	0	0	1	3	0	4	3	2	6	0	4	7	12	3	116	15	1	55	5	82	16	8	23	2	1	14	0	0	0	0	0	0	0	0	0	0	0	0
YPL016W	0	0	0	0	0	0	0	1	0	0	0	0	0	0	0	0	0	0	0	0	0	1	0	0	1	0	0	0	0	0	0	0	0	1	0	0	0	0	0	0	0	0	0	0	0	0	0	0
YGR214W	0	1	1	0	0	3	10	1	0	24	3	45	35	37	45	212	47	32	111	35	184	196	515	117	4538	265	101	1822	106	2022	501	92	674	39	48	88	1	3	2	0	0	0	0	0	0	0	0	0
YDR054C	0	0	0	0	0	0	0	0	0	0	0	0	0	0	0	1	0	0	0	0	0	0	0	0	0	0	0	0	0	0	0	0	0	0	0	0	0	0	0	0	0	0	0	0	0	0	0	0
YGR086C	1	0	1	0	0	1	2	0	0	0	0	0	3	0	0	34	1	3	9	0	2	3	0	0	0	0	2	0	0	1	0	0	0	0	0	0	0	0	0	0	0	0	0	0	0	0	0	0
YML065W	0	0	0	0	1	0	0	0	0	0	0	5	0	2	1	0	1	0	2	0	24	0	1	5	1	0	0	0	0	0	0	0	0	0	0	0	0	0	0	0	0	0	0	0	0	0	0	0
YLL013C	2	0	0	0	0	0	0	0	0	0	0	0	0	3	0	0	2	0	0	0	4	0	4	0	9	2	0	5	0	0	0	0	0	0	0	0	0	0	0	0	0	0	0	0	0	0	0	0
YCR061W	0	0	0	0	0	0	0	0	0	0	0	0	0	0	0	0	0	0	0	0	0	0	0	0	0	0	0	0	0	2	0	0	0	0	0	0	0	0	0	0	0	0	0	0	0	0	0	0
YMR109W	0	0	0	0	0	0	0	0	0	0	0	0	0	0	0	0	0	0	0	0	0	0	0	0	9	0	0	1	0	5	0	0	1	0	0	0	0	0	0	0	0	0	0	0	0	0	0	0
YLR334C	0	0	0	0	0	0	0	0	0	0	0	0	0	0	0	0	0	0	1	0	0	0	0	0	1	0	1	0	2	1	0	0	0	0	0	0	0	0	0	0	0	0	0	0	0	0	0	0
YER166W	0	0	0	0	0	0	0	0	0	0	0	0	0	0	0	0	0	0	0	0	1	0	0	0	0	0	0	0	0	0	0	0	0	0	0	0	0	0	0	0	0	0	0	0	0	0	0	0
YDL126C	0	0	0	0	0	0	0	1	0	0	0	0	0	10	0	2	6	0	1	0	0	0	0	0	0	0	0	0	0	0	0	0	0	0	0	0	0	0	0	0	0	0	0	0	0	0	0	0
YDR228C	0	0	0	0	0	0	0	0	0	0	0	0	0	2	0	0	1	0	0	1	2	0	4	0	4	3	3	1	2	2	0	0	2	0	0	0	0	0	0	0	0	0	0	0	0	0	0	0
YLR114C	0	0	0	0	0	0	0	0	0	0	0	0	0	0	0	0	0	0	0	0	0	0	2	0	30	0	0	9	0	13	0	0	0	0	0	0	0	0	0	0	0	0	0	0	0	0	0	0
YGR124W	0	0	1	1	0	0	1	1	0	0	0	2	5	34	2	55	5	3	29	42	43	108	227	20	1624	89	86	663	63	1020	299	143	211	12	15	74	0	6	0	0	0	0	0	0	0	0	0	0
YBR017C	0	0	0	0	0	0	0	0	0	0	0	0	0	0	0	1	0	0	0	0	0	0	0	0	0	0	0	0	0	0	0	0	0	0	1	0	0	0	0	0	0	0	0	0	0	0	0	0
YJR158W	0	0	0	0	0	0	0	0	0	0	0	0	0	0	0	0	0	0	0	0	0	0	1	0	1	0	0	0	0	0	0	0	0	0	0	0	0	0	0	0	0	0	0	0	0	0	0	0
YML078W	0	0	0	0	0	0	0	0	0	0	0	0	0	0	0	0	0	0	0	0	0	1	0	0	0	0	0	0	0	1	0	0	0	0	0	0	0	0	0	0	0	0	0	0	0	0	0	0
YLR141W	0	0	0	0	0	0	0	0	0	0	0	0	0	0	0	0	0	0	0	0	0	0	0	0	0	2	0	0	0	0	0	0	0	0	0	0	0	0	0	0	0	0	0	0	0	0	0	0
YMR317W	0	0	0	0	0	0	0	0	0	0	0	0	0	0	0	0	0	0	0	3	0	0	4	0	18	2	2	4	0	4	0	0	0	0	0	0	0	0	0	0	0	0	0	0	0	0	0	0
YER133W	0	0	0	0	0	0	0	0	0	0	0	0	0	0	0	0	0	0	0	0	0	0	1	0	0	0	0	0	0	0	0	0	0	0	0	0	0	0	0	0	0	0	0	0	0	0	0	0
YMR213W	0	0	0	0	0	0	0	0	0	0	0	1	0	0	0	0	0	0	0	0	0	0	0	0	0	0	0	0	0	0	0	0	0	0	0	0	0	0	0	0	0	0	0	0	0	0	0	0
YDL161W	0	0	0	0	0	0	0	1	0	0	1	0	0	1	0	0	0	0	0	0	1	0	0	0	0	0	0	0	0	0	0	0	0	0	0	0	0	0	0	0	0	0	0	0	0	0	0	0
YJR048W	0	0	0	0	0	0	0	0	0	0	0	0	0	0	0	0	0	0	0	0	2	2	1	4	23	2	3	5	1	19	1	0	6	0	0	2	0	0	0	0	0	0	0	0	0	0	0	0
YBR092C	0	0	0	0	0	0	0	0	1	2	0	3	2	12	2	30	13	5	22	9	29	44	124	19	856	50	34	295	20	479	104	53	138	11	15	30	0	4	0	0	0	0	0	0	0	0	0	0
YMR325W	0	0	0	0	0	0	0	0	0	0	0	0	0	0	0	0	0	0	0	0	0	1	3	0	7	1	1	1	1	2	3	0	1	0	0	0	0	0	0	0	0	0	0	0	0	0	0	0
YMR173W	5	2	0	8	5	0	27	2	0	36	9	28	99	192	59	1041	133	77	385	93	443	862	1804	238	14935	843	323	4284	314	7365	1920	925	2164	333	211	541	5	34	12	0	2	0	0	0	0	0	0	0
YOR393W	0	0	0	0	0	0	0	0	0	0	0	0	0	0	0	0	0	1	0	1	0	0	2	0	13	2	0	4	0	11	0	0	2	0	0	0	0	0	0	0	0	0	0	0	0	0	0	0
YNL161W	0	0	0	0	0	0	0	0	0	0	0	0	0	1	0	1	2	0	0	0	1	0	0	1	1	2	0	0	0	1	0	0	1	0	0	0	0	0	0	0	0	0	0	0	0	0	0	0
YOR204W	0	0	0	0	0	0	0	0	0	0	0	0	0	0	0	0	0	0	0	0	0	0	0	0	1	0	0	0	0	0	0	0	0	0	0	0	0	0	0	0	0	0	0	0	0	0	0	0
YPR043W	2	0	0	0	0	0	0	0	0	0	0	0	7	3	2	89	9	12	29	7	41	34	108	16	899	36	27	153	22	648	120	27	120	7	1	21	0	0	0	0	0	0	0	0	0	0	0	0
YPL198W	6	2	3	4	9	5	26	7	8	79	29	60	200	237	145	961	234	243	1028	337	1200	1897	3474	725	31210	1766	1353	13815	1109	17094	6436	1551	7115	517	449	1648	14	68	56	4	1	4	1	0	0	0	0	0
YDR382W	0	0	0	0	1	0	0	0	0	0	1	1	0	4	2	7	2	5	9	2	8	4	36	10	212	8	8	34	0	238	1	6	18	0	0	0	0	0	0	0	0	0	0	0	0	0	0	0
YGR294W	0	0	0	0	0	0	0	0	0	0	0	0	1	0	1	0	0	0	0	0	0	0	3	0	10	0	0	1	1	3	1	1	0	0	0	0	0	0	0	0	0	0	0	0	0	0	0	0
YOL161C	0	0	0	0	0	0	0	0	0	0	0	0	1	0	1	0	0	0	0	0	0	0	1	0	4	0	0	0	0	2	2	1	0	0	0	1	0	0	1	0	0	0	0	0	0	0	0	0
YGR254W	20	5	28	18	63	34	194	54	32	315	121	343	1216	2063	728	7765	1965	1559	5372	2100	8758	11376	32446	4911	271068	14528	7389	111653	8162	155001	43789	15504	56617	5067	4430	13361	113	798	420	9	76	20	3	3	0	2	1	0
YEL040W	0	0	0	0	0	0	0	0	0	1	0	0	0	0	1	0	0	0	0	0	0	0	0	0	0	0	0	0	0	2	0	0	0	1	0	0	0	0	0	0	0	0	0	0	0	0	0	0
YOR113W	0	0	0	1	0	0	0	0	0	0	0	0	1	0	0	2	0	0	1	0	0	0	2	0	7	0	0	2	0	2	2	0	0	0	0	0	0	0	1	0	0	0	0	0	0	0	0	0
YPL058C	0	0	0	0	0	0	0	0	0	0	0	0	0	0	0	0	0	0	0	0	0	2	0	0	0	0	0	0	0	0	0	0	0	0	0	0	0	0	0	0	0	0	0	0	0	0	0	0
YML053C	0	0	0	0	0	0	0	0	0	0	0	0	0	0	0	0	0	0	0	0	0	1	1	0	2	0	0	0	0	0	0	1	0	0	0	0	0	0	0	0	0	0	0	0	0	0	0	0
YFL050C	0	0	0	0	0	0	0	0	0	0	0	0	0	0	0	0	0	0	1	0	2	0	1	0	5	1	0	3	0	1	2	0	1	0	0	0	0	0	0	0	0	0	0	0	0	0	0	0
YER188C-A	0	0	0	0	0	0	0	0	0	0	0	0	0	0	0	0	0	0	0	0	0	1	0	0	0	0	0	0	0	0	0	0	0	0	0	0	0	0	0	0	0	0	0	0	0	0	0	0
YLR270W	0	0	0	0	0	0	0	0	0	0	0	0	0	0	0	0	0	0	0	0	0	0	0	0	0	0	0	1	0	0	0	0	0	0	0	0	0	0	0	0	0	0	0	0	0	0	0	0
YPL226W	0	0	1	0	0	0	0	0	0	0	0	1	0	0	10	0	1	0	0	0	0	0	0	0	0	0	0	0	0	0	1	0	0	0	0	0	0	0	0	0	0	0	0	0	0	0	0	0
YOR234C	1	0	1	1	0	0	2	1	0	1	2	9	8	4	19	29	12	14	32	2	64	50	192	87	1515	69	19	518	12	590	124	16	140	1	1	4	0	1	0	1	3	0	0	0	0	0	0	0
YOL051W	0	0	0	0	0	0	0	0	0	0	0	3	0	9	0	1	1	0	0	0	11	3	19	0	66	20	2	38	5	36	9	0	30	2	6	6	1	0	0	0	0	0	0	0	0	0	0	0
YNR044W	0	0	0	0	0	0	0	0	0	0	0	0	0	0	0	2	2	0	4	0	6	0	10	0	62	4	6	32	4	62	8	4	32	0	4	10	0	0	0	0	0	0	0	0	0	0	0	0
YBR289W	0	0	0	0	0	0	0	0	0	0	0	1	0	15	0	5	9	0	1	2	4	1	21	2	27	14	3	7	5	25	2	5	17	1	1	1	3	0	0	0	0	0	0	0	0	0	0	0
YHR030C	0	0	0	0	0	0	0	0	0	0	1	0	0	3	0	0	1	0	2	0	0	1	2	0	20	8	0	6	1	8	1	1	3	0	0	1	0	0	0	0	0	0	0	0	0	0	0	0
YBL084C	0	0	0	3	0	0	0	0	0	0	0	0	0	1	0	0	0	0	0	0	0	1	0	0	13	0	0	0	0	0	0	6	0	4	0	0	0	0	0	0	0	0	0	0	0	0	0	0
YOL155W-A	0	0	0	0	0	0	0	0	0	0	0	0	0	0	0	0	0	0	0	0	0	0	0	0	0	1	0	0	0	0	0	0	0	1	0	0	0	0	0	0	0	0	0	0	0	0	0	0
YBR085W	0	0	0	0	0	0	0	0	0	0	0	0	0	0	0	0	0	0	0	0	0	0	0	0	0	0	0	0	0	0	0	0	1	0	0	0	0	0	0	0	0	0	0	0	0	0	0	0
YNL270C	0	0	0	0	0	0	0	0	0	0	0	0	0	0	1	3	0	2	2	2	1	3	12	5	109	11	6	77	7	87	18	24	38	1	6	11	0	0	0	0	0	0	0	0	0	0	0	0
YJL079C	0	0	0	0	0	0	0	0	0	0	0	0	0	0	1	0	0	0	0	0	0	0	0	0	0	0	0	0	0	0	0	0	0	0	0	0	0	0	0	0	0	0	0	0	0	0	0	0
YIL011W	0	0	0	0	0	0	0	0	0	0	0	0	0	0	0	0	0	3	0	0	0	0	6	0	12	0	0	3	0	17	2	0	2	0	0	0	0	0	0	0	0	0	0	0	0	0	0	0
YEL034W	1	0	0	1	1	1	5	0	2	7	1	11	16	35	18	111	25	29	82	27	111	113	519	62	2729	183	200	1060	132	2414	360	476	656	19	126	136	1	18	4	1	0	0	0	0	0	0	0	0
YHL001W	1	0	0	2	7	1	11	1	2	20	3	46	42	105	70	396	84	159	297	102	696	512	2020	396	14203	829	581	5250	599	10495	2721	883	2886	189	205	699	2	37	22	0	0	0	0	0	0	0	0	0
YGL167C	0	0	0	0	0	0	0	0	0	1	0	0	0	0	0	0	0	0	0	0	0	0	0	0	1	0	0	0	0	0	0	0	0	0	0	0	0	0	0	0	0	0	0	0	0	0	0	0
YOR373W	0	0	0	0	0	0	0	0	0	0	0	0	0	2	0	1	0	0	0	0	0	0	0	0	4	0	0	0	0	0	2	0	0	0	0	0	0	0	0	0	1	0	0	0	0	0	0	0
YDR134C	0	0	0	0	2	0	0	0	0	0	1	0	1	5	0	0	1	0	0	0	2	2	4	0	12	2	2	3	3	17	5	1	5	0	2	2	0	2	0	0	0	0	0	0	0	0	0	0
YPR196W	0	0	0	0	0	0	0	0	0	0	0	0	0	0	0	0	0	0	0	0	0	0	0	0	9	0	0	6	2	2	2	0	1	0	1	0	0	0	0	0	0	0	0	0	0	0	0	0
YLR463C	0	0	0	0	0	0	0	0	0	0	0	0	0	0	0	0	0	0	0	0	0	0	0	0	1	0	0	0	0	0	0	0	0	0	0	0	0	0	0	0	0	0	0	0	0	0	0	0
YJL190C	2	0	1	0	0	1	8	0	1	20	1	1	20	4	4	79	9	8	52	8	22	59	59	19	624	25	24	507	18	160	115	6	25	3	0	8	0	1	0	0	0	0	0	0	0	0	0	0
YNL058C	0	0	0	0	0	0	0	0	0	0	0	0	0	0	0	2	0	0	1	0	0	0	0	0	1	0	0	0	0	0	0	0	0	0	0	0	0	0	0	0	0	0	0	0	0	0	0	0
YLL025W	0	0	0	0	0	0	0	0	0	0	0	0	0	0	0	0	0	0	0	0	3	2	1	0	23	0	0	9	1	13	4	0	4	0	0	0	0	0	0	0	0	0	0	0	0	0	0	0
YNL339W-B	0	0	0	0	0	0	0	0	0	0	0	0	0	0	0	0	1	0	0	0	0	0	0	0	0	0	0	0	0	0	0	0	0	0	0	0	0	0	0	0	0	0	0	0	0	0	0	0
YNL339W-A	0	0	0	0	0	0	0	0	0	0	0	0	0	0	0	0	0	0	0	1	0	0	0	0	0	0	0	0	0	0	0	0	0	0	0	0	0	0	0	0	0	0	0	0	0	0	0	0
YAR075W	1	0	0	1	0	0	1	0	0	3	0	2	2	8	7	27	3	5	18	5	23	35	72	15	605	36	59	210	37	308	137	37	90	6	8	30	0	1	2	0	0	0	0	0	0	0	0	0
YPL026C	0	0	0	0	1	0	0	0	0	0	0	0	0	3	1	1	1	0	1	0	1	0	5	1	0	3	0	1	1	1	0	2	3	0	0	1	0	0	0	0	0	0	0	0	0	0	0	0
YBR118W	50	19	51	46	115	33	486	84	47	805	209	843	2978	3757	1346	17162	3238	3283	11283	4549	16662	26751	61128	8156	567460	26052	18028	214873	17428	324387	102114	29389	105436	7889	6816	27048	202	1199	826	39	57	29	3	3	8	1	0	2
YKL201C	0	0	0	0	0	0	0	0	0	0	0	0	0	0	0	0	0	0	0	0	0	0	0	0	10	0	0	0	0	2	0	0	0	0	0	0	0	0	0	0	0	0	0	0	0	0	0	0
YKL081W	0	0	0	0	0	0	0	0	0	1	0	1	2	1	1	14	2	4	17	2	5	27	20	5	456	7	0	113	0	84	11	6	75	2	5	4	0	0	0	0	0	0	0	0	0	0	0	0
YPR132W	3	0	0	2	6	0	12	1	1	17	4	19	58	44	25	448	52	65	234	65	469	632	1106	255	9825	606	363	4102	321	5280	1869	379	1559	112	79	433	9	12	5	1	0	0	0	0	0	0	0	0
YHR211W	0	0	0	0	0	0	0	0	0	0	0	0	1	0	0	0	0	2	0	0	0	0	1	2	7	0	2	4	3	2	1	2	2	1	0	0	0	0	0	0	0	0	0	0	0	0	0	0
YOL013W-A	10	0	465	3	2	1831	10	6	198	66	2	4	13	5	7	23	11	14	87	0	38	11	24	83	23	33	48	30	5	972	9	23	1829	7	19	112	10	15	10	1	3	1	0	1	0	0	0	0
YNL301C	1	0	1	3	0	1	9	0	3	17	1	18	59	35	22	443	50	52	279	65	224	482	1078	176	9558	681	307	4927	283	6133	1391	456	2540	55	146	308	1	9	2	0	0	1	0	0	0	0	0	0
YAR027W	0	0	0	0	0	0	0	0	1	1	0	0	0	0	0	1	6	0	1	1	1	8	8	2	26	11	2	22	7	14	6	2	15	0	1	2	0	0	0	0	0	0	0	0	0	0	0	0
YHR021C	0	0	0	0	0	0	0	0	0	0	0	0	0	0	0	1	0	0	0	0	1	0	0	0	0	0	0	0	0	1	0	0	0	0	0	0	0	0	0	0	0	0	0	0	0	0	0	0
YMR034C	0	0	0	0	0	0	0	0	0	0	0	0	0	0	0	0	0	0	0	0	0	0	0	0	1	0	0	0	0	0	0	0	0	0	0	0	0	0	0	0	0	0	0	0	0	0	0	0
YPR204C-A	0	0	0	0	0	0	0	0	0	0	0	0	0	0	0	0	1	0	0	0	0	0	0	0	0	0	0	0	0	0	0	0	0	0	0	0	0	0	0	0	0	0	0	0	0	0	0	0
YJL034W	0	0	1	0	2	1	6	0	0	2	0	2	8	30	5	105	33	3	46	45	2	29	1	1	13	0	2	3	0	23	2	1	10	1	0	0	0	0	0	0	0	0	0	0	0	0	0	0
YDL186W	0	0	0	0	0	0	0	0	0	0	0	0	0	0	0	0	0	0	0	0	0	0	0	0	0	0	0	0	0	1	0	0	0	0	0	0	0	0	0	0	0	0	0	0	0	0	0	0
YNR073C	0	0	0	0	0	0	0	0	0	0	0	0	0	0	0	0	0	0	0	0	1	2	1	0	6	4	0	7	0	5	5	1	3	0	1	1	0	0	0	0	0	0	0	0	0	0	0	0
YML024W	1	1	0	0	4	0	6	4	0	10	3	8	38	72	22	286	74	46	198	87	216	445	1095	129	7970	440	245	3111	292	4754	1230	532	1699	95	113	253	1	27	7	0	0	22	0	1	1	0	0	0
YGR034W	1	0	0	0	0	0	5	1	0	10	4	1	13	13	31	110	35	23	112	43	151	287	326	87	2972	257	106	2039	148	1298	691	97	700	58	20	163	4	3	6	0	0	0	0	0	0	0	0	0
YLR177W	0	0	0	0	0	0	0	0	0	0	0	0	0	0	0	3	5	0	0	0	0	2	6	6	12	19	5	8	18	12	5	3	5	1	1	2	0	0	0	0	0	1	0	0	0	0	0	0
YJL019W	0	0	0	0	0	0	0	0	0	0	0	0	0	0	0	0	0	0	0	0	0	0	0	0	0	0	1	0	0	0	0	0	0	0	0	0	0	0	0	0	0	0	0	0	0	0	0	0
YDR542W	0	0	0	0	0	0	0	0	0	0	0	0	1	0	1	0	0	0	0	0	0	0	3	0	9	0	0	2	1	4	1	1	1	0	0	1	0	0	0	0	0	0	0	0	0	0	0	0
YPL004C	1	0	1	0	0	1	2	0	0	0	0	0	3	0	0	34	1	3	9	0	2	3	0	0	0	0	2	0	0	1	0	0	0	0	0	0	0	0	0	0	0	0	0	0	0	0	0	0
YBR180W	0	0	0	0	0	1	0	0	0	0	0	0	0	0	0	0	0	0	0	0	0	0	0	0	0	0	0	0	0	0	0	0	0	0	0	0	0	0	0	0	0	0	0	0	0	0	0	0
YAL021C	0	0	0	1	0	0	2	0	0	0	1	0	1	2	0	8	2	0	2	2	0	4	7	0	24	3	1	6	0	7	1	1	3	2	0	0	0	0	0	0	0	0	0	0	0	0	0	0
YGL259W	0	0	0	0	0	0	0	0	0	0	0	0	0	0	0	0	0	0	0	1	0	0	0	0	11	1	0	1	0	3	2	1	3	0	0	1	0	0	0	0	0	0	0	0	0	0	0	0
YOR054C	0	0	0	0	0	0	0	0	0	0	0	0	0	0	0	2	0	1	0	0	1	0	12	0	146	0	0	9	1	31	1	14	0	5	0	1	0	0	1	0	0	0	0	0	0	0	0	0
YLR055C	0	0	0	0	0	0	0	0	0	0	0	0	0	0	0	2	0	0	0	0	0	0	1	0	26	0	0	1	0	3	0	0	0	0	0	0	0	0	0	0	0	0	0	0	0	0	0	0
YLR185W	2	0	1	0	1	0	1	3	0	0	0	6	5	48	6	48	43	10	34	15	59	50	257	41	1337	197	51	833	85	932	241	104	361	16	59	73	1	6	3	0	0	1	0	0	0	0	0	0
YNL033W	0	0	0	0	0	0	1	0	0	0	0	0	0	0	0	1	0	0	0	0	0	1	1	1	5	0	1	8	2	10	2	0	4	0	1	1	0	0	0	0	0	0	0	0	0	0	0	0
YML075C	0	0	0	0	0	0	0	0	0	0	0	0	0	0	0	0	0	0	0	0	0	0	0	0	0	0	0	0	0	0	1	0	0	0	0	0	0	0	0	0	0	0	0	0	0	0	0	0
YOR182C	0	0	1	0	0	0	6	0	1	9	6	12	20	36	15	117	23	26	141	39	178	375	389	109	4308	241	165	1865	158	1392	970	254	535	37	91	135	1	17	1	0	0	0	0	0	0	0	0	0
YGR159C	0	0	0	0	0	0	0	0	0	0	0	0	0	0	0	1	0	0	0	0	0	0	0	0	0	0	0	0	0	0	0	1	0	1	0	0	0	0	0	0	0	0	0	0	0	0	0	0
YJR155W	0	0	0	0	0	0	0	0	0	0	0	0	0	0	0	0	0	0	0	0	0	0	0	0	1	0	0	0	0	1	0	0	0	0	0	0	0	0	0	0	0	0	0	0	0	0	0	0
YOR192C-B	0	0	3	0	8	3	19	6	4	29	13	62	84	198	94	462	169	138	344	174	591	593	1288	377	9269	806	587	4263	564	6242	1945	569	2553	171	171	703	5	31	19	0	0	0	0	0	0	0	0	0
YOR192C-A	0	0	3	1	6	1	8	3	2	8	8	20	37	105	41	227	83	74	159	78	248	255	599	161	4104	434	284	1859	289	2875	860	303	1165	87	83	368	2	13	11	0	0	0	0	0	0	0	0	0
YCL065W	0	0	0	0	0	0	0	0	0	0	0	0	0	0	0	0	0	0	1	0	0	0	0	0	3	0	0	3	1	1	1	0	1	0	0	0	0	0	0	0	0	0	0	0	0	0	0	0
YOR153W	0	0	0	0	0	0	0	0	0	0	0	0	0	1	1	0	0	0	0	0	1	0	0	0	0	0	0	0	0	0	0	0	0	0	0	0	0	0	0	0	0	0	0	0	0	0	0	0
YER011W	0	0	0	0	0	0	0	0	0	0	0	0	0	11	0	1	5	3	7	3	19	6	60	4	367	28	8	81	8	311	66	20	79	11	4	38	0	0	0	0	0	0	0	0	0	0	0	0
YCR037C	0	0	0	0	0	0	0	0	0	0	0	0	0	0	0	1	0	0	2	0	0	0	0	0	2	0	0	0	0	0	0	0	0	0	0	0	0	0	0	0	0	0	0	0	0	0	0	0
YOR009W	0	0	0	0	0	0	0	0	0	0	0	7	0	0	0	0	3	0	0	0	7	0	9	0	106	1	0	30	3	26	10	0	36	0	0	3	0	0	0	0	0	0	0	0	0	0	0	0
YGR233C	0	0	0	0	0	0	0	0	0	0	0	0	0	0	0	1	0	0	0	0	0	0	0	0	0	0	0	0	0	0	0	0	0	0	0	0	0	0	0	0	0	0	0	0	0	0	0	0
YPR022C	0	0	0	0	0	0	0	0	0	0	0	0	0	9	0	0	4	0	4	2	3	1	12	3	26	0	1	2	0	19	1	0	11	0	2	1	0	0	0	0	0	0	0	0	0	0	0	0
YLR110C	0	1	0	0	3	0	0	0	0	0	4	0	1	31	0	0	13	0	0	0	2	2	4	0	12	2	2	3	3	17	5	1	5	0	2	2	0	2	0	0	0	0	0	0	0	0	0	0
YDL188C	0	0	1	0	1	0	0	0	0	1	0	2	4	5	4	11	10	9	23	7	28	29	77	21	624	29	13	285	26	325	122	42	167	6	21	29	0	0	0	0	0	1	0	0	0	0	0	0
YPL143W	1	0	1	1	0	0	2	1	0	1	2	9	8	4	19	29	12	14	32	2	64	52	190	87	1515	69	19	519	12	589	124	16	140	1	1	4	0	1	0	1	3	0	0	0	0	0	0	0
YOR396C-A	0	0	0	0	0	0	0	0	0	0	0	0	0	0	0	0	1	0	0	0	0	0	0	0	0	0	0	0	0	0	0	0	0	0	0	0	0	0	0	0	0	0	0	0	0	0	0	0
YDL134C	0	0	1	0	1	0	0	0	0	1	0	2	4	5	4	11	10	9	23	7	28	29	77	21	624	29	13	285	26	325	122	42	167	6	21	29	0	0	0	0	0	1	0	0	0	0	0	0
YBR218C	0	2	0	0	1	0	4	0	0	6	3	11	14	22	18	92	32	25	86	40	121	166	390	69	2900	196	127	1292	121	1793	552	207	611	47	65	146	1	12	7	0	0	0	0	2	0	0	0	0
YMR321C	0	0	0	0	0	0	0	2	0	0	0	0	4	1	1	6	2	2	6	3	12	5	21	4	206	19	9	107	12	116	43	18	58	1	5	11	1	2	1	0	0	0	0	0	0	0	0	0
YHR143W	0	0	0	0	0	0	0	0	0	0	0	0	0	0	0	2	0	0	0	0	0	0	0	0	0	0	0	0	0	0	0	0	0	0	0	0	0	0	0	0	0	0	0	0	0	0	0	0
YBL003C	0	0	1	0	0	1	2	1	0	4	1	5	17	39	8	139	13	34	89	23	159	119	448	76	3917	132	85	1274	92	1842	488	121	518	38	20	138	0	3	1	0	0	0	0	0	0	0	0	0
YDR224C	1	0	0	0	1	0	2	0	0	9	0	2	28	26	9	76	71	2	32	5	15	22	93	9	748	39	10	389	11	278	70	84	121	5	38	8	0	1	0	0	0	0	0	0	0	0	0	0
YJR045C	0	0	1	0	1	0	1	0	0	0	2	2	9	3	2	15	0	10	6	5	2	14	61	2	41	8	5	8	3	7	5	0	2	0	1	0	0	2	0	0	0	0	0	0	0	0	0	0
YHR126C	0	0	0	0	0	0	0	0	0	0	0	0	0	0	0	0	0	0	0	0	0	0	1	0	1	0	0	0	0	0	0	0	0	0	0	0	0	0	0	0	0	0	0	0	0	0	0	0
YKL054C	0	0	0	0	0	0	0	8	0	8	0	4	0	16	8	9	35	7	5	18	26	33	84	24	275	66	11	120	32	277	78	40	204	4	30	75	0	3	0	0	0	0	0	0	0	0	0	0
YAL062W	0	0	0	0	1	0	0	0	0	0	0	3	0	3	1	8	2	1	6	2	7	4	28	5	208	16	3	82	5	123	9	11	17	0	2	3	0	1	0	0	0	0	0	0	0	0	0	0
YLR390W-A	0	0	0	0	0	0	0	0	0	6	0	0	6	2	0	54	2	4	34	4	22	20	54	8	772	16	16	196	6	188	114	42	56	8	12	10	0	0	0	0	0	0	0	0	0	0	0	0
YMR008C	0	0	0	0	0	0	0	0	0	0	0	0	1	2	0	2	0	0	1	0	0	5	4	1	34	4	2	14	1	11	3	1	10	0	0	2	0	0	0	0	0	0	0	0	0	0	0	0
YGR162W	0	0	0	0	0	0	0	0	0	0	0	0	0	0	0	0	0	0	0	0	0	1	0	0	0	0	0	0	0	0	0	0	0	0	0	0	0	0	0	0	0	0	0	0	0	0	0	0
YMR194W	2	0	0	0	3	0	3	2	0	9	2	3	25	22	5	180	19	39	156	57	125	454	578	89	7288	322	323	3555	346	3420	2587	1355	1007	72	329	459	5	218	7	0	0	0	1	0	0	0	1	0
YDL133C-A	0	0	1	0	2	1	17	0	0	21	3	29	75	84	48	697	53	122	299	124	499	1218	1786	301	20163	965	1019	5888	581	15532	1898	760	2991	60	84	144	1	2	3	0	0	0	0	0	0	0	0	0
YOL086C	1	1	1	0	4	0	11	5	1	52	12	19	108	212	68	968	194	103	566	181	525	1008	3260	384	25445	1670	814	12395	870	15037	4274	1401	5367	416	499	1030	6	73	74	0	9	0	1	0	3	0	0	0
YDR080W	0	0	0	0	0	0	0	0	0	0	0	0	0	0	0	1	0	0	0	0	0	0	0	1	12	0	0	1	0	3	0	3	0	0	0	0	0	0	0	0	0	0	0	0	0	0	0	0
YER117W	3	0	1	2	0	1	11	1	2	18	3	14	85	55	28	489	82	55	242	63	388	395	1124	194	10811	598	361	4325	345	6448	1612	533	1897	48	109	232	2	3	1	0	0	0	0	1	0	0	0	0
YPR185W	0	0	0	0	0	0	0	0	0	0	0	0	0	0	0	0	1	0	0	0	0	0	2	0	6	4	0	4	0	0	0	0	0	0	0	0	0	0	0	0	0	0	0	0	0	0	0	0
YPL273W	0	0	0	0	0	0	0	2	0	0	0	0	4	1	1	6	2	2	6	3	12	5	21	4	206	19	9	107	12	116	43	18	58	1	5	11	1	2	1	0	0	0	0	0	0	0	0	0
YBR048W	0	1	0	0	4	0	6	5	0	17	6	16	55	100	42	380	89	61	245	94	401	500	1139	205	7138	472	310	2984	223	3166	1047	398	1336	70	121	267	3	25	11	0	1	0	0	0	0	0	0	0
YKL028W	0	0	0	0	0	0	0	0	0	0	0	0	0	0	0	0	0	0	0	0	0	0	1	2	20	0	1	1	0	10	0	2	4	1	0	0	0	0	0	0	0	0	0	0	0	0	0	0
YNL162W	0	0	2	1	5	1	27	11	0	27	13	25	99	219	35	564	249	73	282	172	332	704	1857	222	12168	1114	439	5740	550	7046	2304	817	2854	162	215	533	7	24	11	0	0	1	0	0	0	0	0	0
YLR406C	0	0	0	0	0	0	1	0	0	0	0	0	0	1	0	8	3	1	5	3	3	19	33	1	237	3	3	28	0	10	2	1	0	0	0	0	0	0	0	0	0	0	0	0	0	0	0	0
YDR093W	0	0	0	0	0	0	0	0	0	0	0	0	0	0	0	0	0	0	0	0	1	0	0	0	0	0	0	0	0	0	0	0	0	0	0	0	0	0	0	0	0	0	0	0	0	0	0	0
YBL113W-A	0	0	0	0	0	0	0	0	0	0	0	0	0	0	0	0	1	0	0	0	0	0	0	0	0	0	0	0	0	0	0	0	0	0	0	0	0	0	0	0	0	0	0	0	0	0	0	0
YCL068C	0	0	0	0	0	0	0	0	0	0	0	0	1	0	0	1	2	0	3	0	3	3	8	0	52	3	1	25	10	36	11	1	14	4	2	2	0	0	0	0	0	0	0	0	0	0	0	0
YGL051W	0	0	0	0	0	0	0	0	0	0	0	0	1	3	0	4	3	2	6	0	4	7	12	3	116	15	1	55	5	82	16	8	23	2	1	14	0	0	0	0	0	0	0	0	0	0	0	0
YDL228C	0	0	0	0	0	0	0	0	0	0	0	0	0	0	0	0	0	0	0	0	0	0	0	0	0	0	0	0	1	0	0	0	0	0	0	0	0	0	0	0	0	0	0	0	0	0	0	0
YDL247W	0	0	0	0	0	0	0	0	0	0	0	0	0	0	0	1	0	0	0	0	0	1	1	0	4	3	0	3	0	8	1	1	0	0	0	1	0	0	0	0	0	0	0	0	0	0	0	0
YNL030W	4	0	0	1	3	2	18	0	1	15	3	17	85	184	34	493	141	68	194	161	365	442	1282	219	9624	708	349	4523	319	6335	1495	413	1661	67	60	207	1	13	3	0	0	0	0	0	0	0	0	0
YKL180W	0	0	0	1	2	0	2	1	0	8	5	6	28	66	10	176	49	39	105	54	116	160	586	76	4795	227	86	1290	117	1880	598	93	378	26	12	123	0	0	0	0	0	0	0	0	0	0	0	0
YGR122C-A	0	0	0	0	0	0	0	0	0	0	0	0	0	1	0	0	2	1	0	0	1	0	1	1	3	3	2	3	3	4	3	0	0	0	1	0	0	0	0	0	0	0	0	0	0	0	0	0
YHL046C	0	0	0	0	0	0	0	0	0	0	0	0	1	0	1	0	0	0	0	0	0	0	3	0	7	0	0	1	1	4	1	1	0	0	0	1	0	0	0	0	0	0	0	0	0	0	0	0
YKL139W	0	0	0	0	0	0	0	0	0	0	0	0	0	0	0	0	0	0	0	0	0	0	0	0	1	1	0	0	0	0	0	0	0	2	0	0	0	0	0	0	0	0	0	0	0	0	0	0
YDR150W	0	0	0	0	0	10	7	0	0	0	0	32	27	46	105	92	28	52	73	24	261	146	377	145	4064	224	234	1511	136	2529	653	153	993	45	37	175	4	0	0	0	0	0	0	0	0	0	0	0
YML010W	0	0	0	0	0	0	0	0	0	0	0	0	0	0	0	2	0	1	0	0	0	0	1	0	26	0	0	1	0	9	0	0	0	0	0	0	0	0	0	0	0	0	0	0	0	0	0	0
YIR041W	0	0	0	0	0	0	0	0	0	0	0	0	0	0	0	0	0	0	0	0	0	0	3	0	7	1	0	2	1	2	2	0	0	0	0	0	0	0	0	0	0	0	0	0	0	0	0	0
YDL083C	1	1	1	0	1	1	1	0	1	4	8	10	17	50	10	87	24	13	54	7	70	65	162	64	1785	102	80	916	45	1328	212	67	525	29	11	71	0	1	2	0	0	0	0	0	0	0	0	0
YLL039C	0	0	0	0	3	0	11	0	0	29	10	26	42	94	42	288	105	73	226	70	273	310	693	135	7232	308	222	2761	239	3493	1372	295	1347	95	80	328	2	16	6	0	0	0	0	0	0	0	0	0
YJR094W-A	2	0	0	0	0	0	0	0	0	0	0	0	7	3	2	89	9	12	29	7	41	34	108	16	899	36	27	153	22	648	120	27	120	7	1	21	0	0	0	0	0	0	0	0	0	0	0	0
YEL030W	0	0	0	0	0	0	0	0	0	0	2	0	0	2	0	8	0	0	4	0	0	0	1	0	5	0	0	0	0	2	0	0	0	0	0	1	0	0	0	0	0	0	0	0	0	0	0	0
YNL027W	0	0	0	0	0	0	0	0	0	0	0	2	1	7	0	0	5	0	4	1	0	1	11	2	22	0	1	2	0	19	0	0	7	0	2	1	0	0	0	0	0	0	0	0	0	0	0	0
YOL132W	0	0	0	0	0	0	0	0	0	2	0	0	0	0	0	0	0	0	0	0	0	0	0	0	0	0	0	0	0	0	0	0	0	0	0	0	0	0	0	0	0	0	0	0	0	0	0	0
YDL140C	0	0	0	0	0	0	0	0	0	2	0	0	0	4	0	0	0	2	0	0	0	0	2	0	10	2	0	2	0	2	0	0	0	0	0	0	0	0	0	0	0	0	0	0	0	0	0	0
YHR215W	0	0	0	0	0	0	0	0	0	0	0	1	0	2	0	4	1	0	5	2	5	9	20	3	152	9	0	65	5	65	15	13	25	2	8	5	0	0	1	0	0	0	0	0	0	0	0	0
YGR296C-B	0	0	0	0	0	0	0	0	0	0	0	0	0	0	0	0	1	0	0	0	0	0	0	0	0	0	0	0	0	0	0	0	0	0	0	0	0	0	0	0	0	0	0	0	0	0	0	0
YCR108C	0	0	0	0	0	0	0	0	0	0	0	0	0	0	0	0	0	0	0	0	0	0	2	0	0	0	0	1	0	0	0	0	0	0	0	0	0	0	0	0	0	0	0	0	0	0	0	0
YLL045C	1	0	5	3	3	0	20	4	1	28	16	37	118	123	43	477	73	80	285	112	302	704	1018	212	11069	596	395	5181	289	5574	1997	527	2233	178	203	678	10	37	12	0	1	2	0	0	0	0	0	0
YGR296C-A	0	0	0	0	0	0	0	0	0	0	0	0	0	0	0	0	0	0	0	1	0	0	0	0	0	0	0	0	0	0	0	0	0	0	0	0	0	0	0	0	0	0	0	0	0	0	0	0
YNL337W	0	0	0	0	0	0	0	0	0	0	0	0	0	0	0	0	0	0	0	0	0	2	0	0	0	0	0	0	0	1	0	0	0	0	0	0	0	0	0	0	0	0	0	0	0	0	0	0
YNL327W	0	0	0	0	0	0	0	0	0	2	0	0	2	4	4	26	4	4	16	8	26	20	74	18	444	22	16	218	22	294	80	18	96	8	6	24	0	2	0	0	0	0	0	0	0	0	0	0
YDR210W	0	0	0	0	0	0	0	0	0	0	0	0	0	0	0	2	10	0	4	0	0	0	0	0	2	0	0	0	0	0	0	0	0	0	0	0	0	0	0	0	0	0	0	0	0	0	0	0
YDL131W	0	2	1	1	0	0	3	2	0	6	1	13	20	34	28	201	38	34	110	45	185	248	474	110	4220	227	190	1846	133	2321	738	216	853	68	52	227	1	10	4	0	0	1	0	0	0	0	0	0
YML124C	0	0	0	0	0	0	0	0	0	0	0	0	0	1	0	2	0	0	1	0	0	1	10	0	31	2	0	8	0	4	0	0	1	0	0	0	0	0	0	0	0	0	0	0	0	0	0	0
YKR066C	0	0	0	0	0	0	0	0	0	0	0	0	0	0	0	0	0	0	1	0	0	2	0	0	9	0	0	0	0	0	0	0	0	0	0	0	0	0	0	0	0	0	0	0	0	0	0	0
YLR081W	0	0	0	0	0	0	0	0	0	0	0	0	1	0	0	4	1	0	2	1	0	0	0	0	29	0	0	18	0	8	1	2	6	0	0	0	0	0	0	0	0	0	0	0	0	0	0	0
YGR087C	0	0	0	0	2	0	0	0	0	0	1	0	1	6	3	10	70	2	23	15	6	10	131	3	336	230	0	743	0	12	1	0	9	0	0	1	0	0	0	0	0	0	0	0	0	0	0	0
YHR020W	0	0	0	0	0	0	0	0	0	0	0	0	0	0	0	0	0	0	0	0	0	0	0	0	1	0	0	0	0	0	0	0	0	0	0	0	0	0	0	0	0	0	0	0	0	0	0	0
YGL008C	3	1	6	0	1	1	10	0	0	15	5	22	59	34	32	512	44	67	324	55	253	316	688	153	6390	369	203	2629	220	4407	925	395	805	39	28	198	0	4	1	0	0	0	0	0	0	0	0	0
YOL103W	0	0	0	0	0	0	0	0	0	2	0	0	0	0	0	0	0	0	0	0	0	0	0	0	2	0	0	0	0	0	0	0	0	0	0	0	0	0	0	0	0	0	0	0	0	0	0	0
YDR170C	0	0	0	0	0	0	0	0	0	0	0	0	0	0	0	11	0	0	5	0	0	0	4	0	208	0	0	10	0	60	5	30	0	28	0	0	0	0	9	0	0	0	0	0	0	0	0	0
YCL025C	0	0	0	0	0	0	0	1	0	0	0	0	0	6	1	18	0	2	3	2	9	11	33	5	191	12	3	27	5	124	42	18	31	7	4	15	0	0	0	0	0	0	0	0	0	0	0	0
YBL075C	0	0	0	0	1	0	1	0	1	0	0	0	3	0	0	4	0	0	2	0	0	0	0	0	1	0	1	0	0	1	0	0	0	0	0	0	0	0	0	0	0	0	0	0	0	0	0	0
YCR091W	0	0	0	0	0	0	0	0	0	0	0	0	0	0	0	0	0	0	0	0	0	0	0	0	0	0	0	2	0	2	0	0	0	0	0	0	0	0	0	0	0	0	0	0	0	0	0	0
YER109C	0	0	0	0	0	0	0	0	0	0	0	0	0	0	0	0	1	0	0	0	0	0	0	0	5	0	0	2	0	1	0	0	0	0	0	1	0	0	0	0	0	0	0	0	0	0	0	0
YOR072W-B	10	0	465	3	2	1831	10	6	198	66	2	4	13	5	7	23	11	14	87	0	38	11	24	83	23	33	48	30	5	972	7	21	1829	7	10	112	10	15	11	1	2	0	0	1	0	0	0	0
YMR083W	0	0	0	0	0	0	0	0	0	0	0	1	0	0	0	0	0	0	0	0	0	0	0	0	1	0	0	0	0	3	0	0	0	0	0	0	0	0	0	0	0	0	0	0	0	0	0	0
YLR340W	0	0	0	0	0	1	0	0	0	5	1	0	2	6	4	4	6	0	4	0	1	1	0	3	5	1	2	5	0	28	3	1	19	0	1	1	0	0	1	0	0	0	0	0	0	0	0	0
YDL137W	0	0	1	2	0	0	3	1	0	4	1	2	7	5	5	29	25	3	20	55	26	56	175	24	475	27	21	156	22	175	69	15	101	3	4	21	0	0	0	0	0	0	0	0	0	0	0	0
YLR113W	0	0	0	0	0	0	0	0	0	0	0	0	0	0	0	0	0	0	0	0	0	0	0	0	0	0	0	0	0	0	0	0	1	0	0	0	0	0	0	0	0	0	0	0	0	0	0	0
YPR163C	0	0	0	0	2	0	0	0	0	0	2	6	6	4	0	24	6	10	10	8	52	44	134	28	1048	50	30	448	24	584	106	28	242	6	6	30	0	0	0	0	0	0	0	0	0	0	0	0
YNL096C	1	0	0	1	1	0	7	1	1	5	8	20	16	91	31	95	50	24	105	39	133	201	612	76	3509	218	164	1360	150	1926	647	78	737	35	18	136	0	3	1	0	0	0	0	0	0	0	0	0
YEL044W	0	0	0	0	0	0	0	0	0	0	0	1	0	0	0	0	0	0	0	0	0	0	0	0	0	0	0	0	0	0	0	0	0	0	0	0	0	0	0	0	0	0	0	0	0	0	0	0
YOR394W	0	0	0	0	0	0	0	0	0	0	0	0	0	0	0	0	0	0	0	0	0	2	3	0	15	1	1	6	1	7	4	0	3	0	0	0	0	0	0	0	0	0	0	0	0	0	0	0
YHR095W	0	0	0	0	0	0	0	0	0	0	0	0	0	0	0	0	0	0	0	0	0	0	0	0	0	0	1	1	0	0	0	0	0	0	0	0	0	0	0	0	0	0	0	0	0	0	0	0
YGR287C	0	0	0	0	0	0	0	0	0	0	0	0	0	0	0	0	1	0	1	0	1	2	5	0	21	2	2	9	0	12	4	0	5	0	1	2	0	0	0	0	0	0	0	0	0	0	0	0
YDL184C	0	0	1	0	2	1	17	0	0	21	3	29	75	84	48	697	53	122	299	124	499	1218	1786	301	20163	965	1019	5888	581	15532	1898	760	2991	60	84	144	1	2	3	0	0	0	0	0	0	0	0	0
YGR130C	0	0	0	0	0	0	0	0	0	0	0	0	0	0	0	0	0	0	0	0	8	0	13	3	8	0	3	6	0	18	2	0	9	2	0	0	0	0	0	0	0	0	0	0	0	0	0	0
YDL192W	0	0	1	2	0	0	3	1	0	4	1	2	7	5	5	29	25	3	20	55	26	56	175	24	475	27	21	156	22	175	69	15	101	3	4	21	0	0	0	0	0	0	0	0	0	0	0	0
YMR170C	1	0	1	0	0	0	1	0	0	3	2	0	3	4	3	20	6	6	12	13	34	28	63	19	584	34	23	228	32	402	154	34	151	4	6	43	0	5	1	0	0	0	0	0	0	0	0	0
YCR106W	0	0	0	0	0	0	0	0	0	0	0	0	0	0	0	0	1	0	0	0	0	0	4	1	21	0	3	5	0	14	1	2	5	0	1	0	0	0	0	0	0	0	0	0	0	0	0	0
YGL066W	0	0	0	0	0	0	0	0	0	0	1	0	0	3	0	3	4	0	1	0	1	0	3	1	16	8	0	11	0	1	0	0	1	0	0	0	0	0	0	0	0	0	0	0	0	0	0	0
YDR502C	0	0	0	0	0	0	1	3	0	1	0	4	4	12	11	57	17	8	49	15	60	52	237	45	2261	150	32	1024	53	911	300	62	349	30	5	49	1	1	0	0	0	0	0	0	0	0	0	0
YER062C	0	0	0	0	0	0	1	0	0	3	0	0	6	1	1	19	0	0	3	0	0	0	0	0	1	0	0	2	0	0	1	0	0	0	0	0	0	0	0	0	0	0	0	0	0	0	0	0
YGL261C	0	0	0	0	0	0	0	0	0	0	0	0	1	0	1	0	0	0	0	0	2	0	3	0	10	0	0	1	1	3	1	0	1	0	0	0	0	0	0	0	0	0	0	0	0	0	0	0
YPL282C	0	0	0	0	0	0	0	0	0	0	0	0	0	0	0	0	0	0	0	0	0	2	3	0	15	1	1	6	1	7	4	0	3	0	0	0	0	0	0	0	0	0	0	0	0	0	0	0
YMR158C-A	0	0	0	0	0	0	0	0	0	0	0	0	0	0	0	0	0	0	0	0	0	0	0	0	3	1	0	0	0	0	0	0	0	0	0	0	0	0	0	0	0	0	0	0	0	0	0	0
YIL148W	5	2	1	1	3	1	16	6	3	34	7	27	88	78	37	566	98	107	382	100	443	502	1677	230	14547	1082	460	6901	595	9870	2475	1123	2980	159	175	682	22	26	23	0	1	3	1	0	1	0	0	0
YNR016C	0	0	0	0	0	0	0	0	0	0	0	0	0	0	0	0	0	0	0	0	0	0	0	0	0	0	0	1	0	0	0	0	1	0	0	0	0	0	0	0	0	0	0	0	0	0	0	0
YDL130W	0	0	0	0	2	0	1	0	0	6	1	1	7	11	5	34	25	5	58	7	28	26	185	46	2270	206	18	1882	35	785	190	216	468	17	32	13	1	0	2	0	0	0	0	0	0	0	0	0
YKL163W	8	0	1	0	2	0	2	4	2	3	3	14	1	43	31	49	50	47	62	64	151	111	503	131	2784	388	190	1488	158	2349	735	201	1052	138	60	419	2	11	21	1	4	0	0	0	0	0	0	0
YDR034C-C	1	0	3	1	5	1	8	2	1	12	11	26	42	119	44	264	99	94	202	92	319	302	701	194	4800	504	330	2194	321	3479	1046	405	1382	102	103	457	4	22	11	0	0	0	0	0	0	0	0	0
YJL141C	0	0	0	0	0	0	0	0	0	0	0	0	0	0	0	0	0	0	0	0	1	0	0	0	1	0	0	0	0	0	0	0	0	0	0	0	0	0	0	0	0	0	0	0	0	0	0	0
YGR280C	0	0	0	0	0	0	0	0	0	0	0	0	0	0	0	0	0	0	0	0	0	0	0	0	1	0	0	0	0	0	0	0	0	0	0	0	0	0	0	0	0	0	0	0	0	0	0	0
YFR008W	0	0	0	0	0	0	0	0	0	0	0	0	0	2	0	0	2	0	0	1	1	0	7	0	6	5	3	3	2	6	0	1	7	0	1	0	0	0	0	0	0	0	0	0	0	0	0	0
YJR150C	0	0	0	0	0	0	0	0	0	0	0	0	0	0	0	0	0	0	0	0	0	0	0	0	2	0	0	0	0	0	0	0	0	0	0	0	0	0	0	0	0	0	0	0	0	0	0	0
YBL087C	3	0	1	2	0	1	11	1	2	18	3	14	85	55	28	489	82	55	242	62	389	396	1124	193	10812	598	360	4324	345	6449	1612	534	1896	48	109	232	2	3	1	0	0	0	0	1	0	0	0	0
YPL187W	0	0	0	0	0	0	0	0	0	0	0	0	0	0	0	0	0	0	0	0	0	0	0	0	0	0	0	0	2	0	0	2	0	0	0	0	0	0	0	0	0	0	0	0	0	0	0	0
YOR387C	0	0	0	0	0	0	0	0	0	1	1	0	3	2	3	15	0	0	8	0	6	15	34	0	183	15	9	82	6	120	46	8	48	1	5	7	0	0	0	0	1	0	0	0	0	0	0	0
YBL024W	0	0	0	0	0	0	0	0	0	0	0	0	0	0	0	1	0	0	0	0	0	0	0	0	0	0	0	0	0	0	0	0	0	0	0	0	0	0	0	0	0	0	0	0	0	0	0	0
YDL075W	0	0	0	0	0	0	1	0	0	0	0	0	0	1	0	8	3	1	5	3	3	19	33	1	237	3	3	28	0	10	2	1	0	0	0	0	0	0	0	0	0	0	0	0	0	0	0	0
YGL058W	0	0	0	0	0	0	0	0	0	0	0	0	0	1	0	2	0	0	0	0	0	0	4	0	11	0	0	1	1	4	0	0	0	0	0	1	0	0	1	0	0	0	0	0	0	0	0	0
YDL061C	0	0	1	0	1	0	0	0	0	3	0	0	2	8	4	119	15	10	29	2	80	20	75	49	535	54	11	176	11	357	16	12	99	2	1	5	0	0	0	0	0	0	0	0	0	0	0	0
YLR441C	1	0	1	0	1	3	8	5	1	13	4	20	42	61	31	362	58	50	168	49	187	360	670	119	6125	485	208	3279	268	3148	1204	286	1177	53	65	322	6	6	1	0	1	0	0	0	0	0	0	0
YEL054C	1	1	1	0	0	0	6	0	0	5	3	13	36	49	22	216	21	39	146	55	215	309	669	107	6369	256	268	2161	198	4199	1103	298	1118	51	70	250	0	7	2	0	0	0	0	0	0	0	0	0
YDL248W	0	0	0	1	0	0	1	1	1	4	2	7	8	18	17	58	13	12	37	22	78	78	138	71	1116	118	68	782	77	829	295	59	491	17	33	133	3	2	0	0	0	0	0	0	0	0	0	0
YHR219C-A	0	0	0	0	0	0	0	0	0	0	0	0	0	0	0	0	1	0	0	0	0	0	0	0	0	0	0	0	0	0	0	0	0	0	0	0	0	0	0	0	0	0	0	0	0	0	0	0
YEL077W-A	0	0	0	0	0	0	0	0	0	0	0	0	0	0	0	0	1	0	0	0	0	0	0	0	0	0	0	0	0	0	0	0	0	0	0	0	0	0	0	0	0	0	0	0	0	0	0	0
YKR092C	0	0	0	0	0	0	0	0	0	0	0	0	0	0	0	4	0	5	0	0	0	9	9	3	28	3	5	54	4	2	2	8	2	0	0	1	2	0	0	0	0	2	0	0	0	0	0	0
YOR259C	0	0	0	0	0	0	0	1	0	0	0	0	0	10	0	2	6	0	1	0	0	0	0	0	0	0	0	0	0	0	0	0	0	0	0	0	0	0	0	0	0	0	0	0	0	0	0	0
YNL034W	0	0	0	0	0	0	0	0	0	0	0	0	3	0	0	0	0	1	0	1	0	0	3	0	8	2	1	3	0	7	2	2	1	0	0	0	0	0	0	0	0	0	0	0	0	0	0	0
YOR229W	0	0	0	0	0	0	0	0	0	0	0	0	0	0	0	0	0	0	0	0	0	0	0	0	0	0	0	1	0	2	0	1	0	0	0	0	0	0	0	0	0	0	0	0	0	0	0	0
YNL018C	0	0	0	0	0	0	0	0	0	0	0	0	3	0	0	0	0	1	0	1	0	0	3	0	8	2	1	3	0	7	2	2	1	0	0	0	0	0	0	0	0	0	0	0	0	0	0	0
YJL073W	0	0	0	0	0	0	0	0	0	0	0	0	0	0	0	0	0	0	0	0	0	0	0	1	0	0	0	0	0	0	0	0	0	0	0	0	0	0	0	0	0	0	0	0	0	0	0	0
YDR447C	1	1	0	0	4	0	6	4	0	10	3	8	38	72	22	286	74	46	198	87	216	444	1096	129	7972	437	246	3111	292	4754	1230	533	1698	95	113	253	1	27	7	0	22	0	1	1	0	0	0	0
YJR009C	34	12	28	39	92	20	292	104	35	565	174	579	1676	2379	815	11290	2394	2081	9285	2708	7101	18939	31605	4746	319325	16798	10649	147865	9433	168292	59412	15793	60336	5464	6172	15230	139	921	419	7	48	8	2	9	4	0	1	2
YLL024C	12	0	14	12	26	7	115	20	13	217	54	166	696	894	395	4744	811	814	2388	989	3510	5799	13100	1813	126872	5809	4209	50468	3890	72912	23667	8311	24971	2037	2347	6030	70	422	191	4	22	16	16	2	4	1	1	3
YJL159W	7	0	6	3	8	0	57	12	13	39	26	56	158	604	49	1208	428	128	759	350	781	809	3249	304	20694	986	448	6948	644	11259	3105	921	3444	345	158	858	10	41	17	4	0	0	0	0	0	0	0	0
YDL243C	0	0	0	0	0	0	0	0	0	0	0	0	0	0	0	0	0	0	1	0	0	0	0	0	1	0	0	3	1	1	0	0	1	0	0	0	0	0	0	0	0	0	0	0	0	0	0	0
YOR375C	0	0	0	0	1	0	0	0	0	0	0	3	0	3	1	8	2	1	6	2	7	4	28	5	208	16	3	82	5	123	9	11	17	0	2	3	0	1	0	0	0	0	0	0	0	0	0	0
YHL048W	0	0	0	0	0	0	0	0	0	2	2	1	4	6	7	16	9	8	12	13	44	19	63	24	342	40	20	197	17	326	72	19	87	1	3	23	0	0	0	0	0	0	0	0	0	0	0	0
YIR010W	0	0	0	0	0	0	0	0	0	0	0	0	0	0	0	0	0	0	0	0	0	0	3	0	6	0	0	2	0	16	0	2	4	0	0	0	0	0	0	0	0	0	0	0	0	0	0	0
YNL209W	5	2	6	4	9	6	58	14	8	76	31	117	254	350	194	1802	405	347	1213	427	1967	2451	6290	1034	62044	2857	1761	23834	1717	37197	10592	3182	11829	776	733	2646	27	110	41	2	1	1	2	0	0	2	0	0
YOR293W	0	0	0	0	5	1	11	5	1	8	1	9	7	35	18	116	44	7	67	11	148	74	267	72	3155	168	51	1656	35	908	220	77	363	8	16	27	1	0	0	0	0	0	0	0	0	0	0	0
YML056C	0	0	0	0	2	0	1	0	1	2	0	2	6	19	4	50	9	16	39	23	82	114	188	31	1573	86	73	605	49	890	277	100	317	27	24	76	0	3	0	0	0	0	0	0	0	0	0	0
YOR134W	0	0	0	0	0	0	0	0	0	0	1	0	0	0	0	0	0	0	0	0	0	0	0	0	0	0	0	0	0	0	0	0	0	0	0	0	0	0	0	0	0	0	0	0	0	0	0	0
YLR367W	2	0	1	0	0	1	8	0	1	20	1	1	20	4	4	79	9	8	52	8	22	59	59	19	624	25	24	507	18	160	115	6	25	3	0	8	0	1	0	0	0	0	0	0	0	0	0	0
YDR011W	0	0	0	0	0	0	0	0	0	0	0	0	0	0	0	0	0	0	0	0	0	2	0	0	0	0	0	0	0	0	0	0	0	0	0	0	0	0	0	0	0	0	0	0	0	0	0	0
YAR020C	0	0	0	0	0	0	0	0	0	0	0	0	0	0	0	0	0	0	0	0	0	0	0	0	1	0	0	1	0	2	1	0	2	0	0	0	0	0	0	0	0	0	0	0	0	0	0	0
YKL105C	0	0	0	0	0	0	0	0	0	0	0	0	0	0	0	0	0	0	0	0	0	0	1	0	1	1	0	0	0	1	0	0	0	0	0	0	0	0	0	0	0	0	0	0	0	0	0	0
YCR067C	0	0	0	0	0	0	0	0	0	3	0	0	0	0	0	3	0	0	0	0	3	0	0	0	2	0	2	0	0	0	0	0	1	0	0	0	0	0	0	0	0	0	0	0	0	0	0	0
YOL059W	0	0	0	0	0	0	0	0	0	0	0	0	0	0	0	0	0	0	0	0	0	0	0	0	1	0	0	0	0	0	0	0	0	0	0	0	0	0	0	0	0	0	0	0	0	0	0	0
YFL068W	0	0	0	0	0	0	0	0	0	0	0	0	0	0	0	0	1	0	0	0	0	0	0	0	0	0	0	0	0	0	0	0	0	0	0	0	0	0	0	0	0	0	0	0	0	0	0	0
YOR096W	1	0	0	1	1	0	7	1	1	5	8	20	16	91	31	95	50	24	105	39	133	204	609	76	3509	218	164	1360	150	1926	648	78	736	35	18	136	0	2	2	0	0	0	0	0	0	0	0	0
YJL041W	0	0	2	0	0	0	0	0	0	0	0	8	2	10	16	30	6	6	14	4	44	26	60	18	520	24	32	268	12	402	118	26	194	8	12	36	0	0	6	0	0	0	0	0	0	0	0	0
YHR131C	0	0	0	0	0	0	0	0	0	0	0	0	0	1	0	2	0	1	0	0	0	0	4	0	11	0	0	1	2	7	0	1	0	0	0	0	0	0	1	0	0	0	0	0	0	0	0	0
YKL129C	0	0	0	0	0	0	0	0	0	0	0	0	0	0	0	0	0	0	0	0	0	0	0	0	9	0	0	1	0	5	0	0	1	0	0	0	0	0	0	0	0	0	0	0	0	0	0	0
YOR173W	0	0	0	0	0	0	0	0	0	0	0	0	0	0	0	0	0	0	0	0	0	0	0	0	0	0	0	1	0	0	0	0	0	0	0	0	0	0	0	0	0	0	0	0	0	0	0	0
YHR043C	0	0	0	0	1	0	0	0	0	0	1	1	1	5	3	5	4	1	4	2	15	16	40	8	293	13	15	107	10	235	47	16	70	4	6	9	0	0	0	0	0	0	0	0	0	0	0	0
YLR437C	0	0	0	0	0	0	0	0	0	0	1	0	0	0	0	0	0	0	0	0	1	0	0	0	0	1	0	0	0	0	0	0	0	0	1	0	0	0	0	0	0	0	0	0	0	0	0	0
YFR031C-A	1	0	5	2	18	5	21	12	1	28	15	63	125	225	140	1000	256	166	681	250	1032	887	3267	581	25364	2002	723	13861	884	14234	4451	1571	5818	438	533	1221	6	55	38	0	5	0	0	0	1	0	0	0
YJL052W	14	4	10	17	41	14	122	57	10	314	88	136	832	1082	398	5432	1699	805	5680	1379	3147	7558	14814	2454	143738	9560	4817	78733	4876	76653	30024	6038	32183	2009	3040	6746	110	454	225	6	26	18	1	6	6	2	0	1
YJL198W	0	0	0	0	0	0	0	0	0	0	0	0	0	0	0	1	0	0	2	0	0	0	0	0	2	0	0	0	0	0	0	0	0	0	0	0	0	0	0	0	0	0	0	0	0	0	0	0
YLR104W	0	0	0	0	0	0	0	0	0	0	0	0	0	1	0	0	0	0	0	0	0	1	0	0	0	0	1	0	0	3	0	0	3	0	0	0	0	0	0	0	0	0	0	0	0	0	0	0
YOL121C	0	0	1	0	3	0	0	2	2	1	4	7	18	61	12	205	45	41	118	62	220	223	1138	144	7580	428	111	2744	193	2934	959	280	1048	56	53	219	1	8	7	0	1	0	0	0	0	0	0	0
YEL076C-A	0	0	0	0	0	0	0	0	0	0	0	0	0	3	0	9	2	1	5	6	13	27	19	3	213	19	63	81	46	131	49	16	59	2	9	7	1	1	0	0	0	0	0	0	0	0	0	0
YGL076C	6	2	3	4	9	5	26	7	8	79	29	60	200	237	145	960	235	243	1026	337	1202	1895	3478	723	31210	1767	1352	13814	1110	17094	6436	1551	7115	518	447	1649	14	67	57	4	2	3	1	0	0	0	0	0
YEL069C	0	0	0	0	0	0	0	0	0	0	0	0	0	0	0	0	0	0	0	0	0	0	0	0	1	0	0	0	0	0	0	0	0	0	0	0	0	0	0	0	0	0	0	0	0	0	0	0
YMR304C-A	0	0	0	0	0	0	0	0	0	1	0	0	4	0	4	1	3	1	3	2	7	41	10	6	47	0	213	11	49	138	0	22	24	1	0	0	0	0	0	0	0	0	0	0	0	0	0	0
YJL223C	0	0	0	0	0	0	0	0	0	0	0	0	1	0	1	0	0	0	0	0	0	0	1	0	8	0	0	1	1	3	1	1	2	0	0	1	0	0	0	0	0	0	0	0	0	0	0	0
YMR169C	1	0	1	0	0	0	1	0	0	3	2	0	3	4	3	20	6	6	12	13	34	28	63	19	584	34	23	228	32	402	154	34	151	4	6	43	0	5	1	0	0	0	0	0	0	0	0	0
YML074C	0	0	0	0	0	0	0	0	0	0	0	0	0	1	1	0	0	0	0	0	0	0	0	0	2	0	0	0	0	6	0	0	0	3	1	0	0	0	0	0	0	0	0	0	0	0	0	0
YKR062W	0	0	0	0	0	0	0	0	0	0	0	0	1	0	0	0	0	0	0	0	0	0	0	0	0	0	0	0	0	0	0	0	0	0	0	0	0	0	0	0	0	0	0	0	0	0	0	0
YPR080W	50	19	51	46	115	33	486	84	47	805	209	843	2978	3757	1346	17162	3238	3283	11283	4549	16662	26751	61128	8156	567460	26052	18028	214873	17428	324387	102114	29389	105436	7889	6816	27048	202	1199	826	39	57	29	3	3	8	1	0	2
YDR418W	1	1	1	0	0	0	6	0	0	5	3	13	36	49	22	216	21	39	147	55	214	309	669	107	6367	256	270	2161	198	4199	1103	298	1118	51	70	250	0	7	2	0	0	0	0	0	0	0	0	0
YDR471W	0	0	0	0	0	0	2	0	2	0	1	1	6	3	4	16	7	4	12	3	9	22	47	11	677	32	16	256	17	323	75	73	79	6	13	10	0	0	0	0	0	0	0	0	0	0	0	0
YMR173W-A	2	0	5	5	0	8	2	0	27	9	28	36	192	59	99	133	77	1041	93	443	385	1804	238	862	843	323	14935	314	7365	4284	925	2164	1920	211	541	333	34	12	5	2	0	0	0	0	0	0	0	0
YPL279C	0	0	1	0	0	0	1	0	0	0	1	0	2	5	2	8	1	2	7	7	9	15	30	0	224	20	10	97	22	171	48	13	63	6	1	22	1	0	0	0	0	0	0	0	0	0	0	0
YPL281C	0	0	0	0	0	0	0	0	0	0	0	0	0	0	0	0	0	1	0	1	0	0	2	0	13	2	0	4	0	11	0	0	2	0	0	0	0	0	0	0	0	0	0	0	0	0	0	0
YGR109W-A	0	0	0	0	0	0	0	0	0	1	0	0	0	2	0	1	0	0	2	0	1	0	6	0	11	4	1	18	1	23	4	4	7	0	0	2	0	0	0	0	0	0	0	0	0	0	0	0
YAL069W	0	0	0	0	0	0	0	0	0	0	0	0	0	0	0	0	0	0	0	0	0	0	0	2	0	0	0	0	1	0	0	0	0	0	0	0	0	0	0	0	0	0	0	0	0	0	0	0
YIL152W	0	0	0	0	0	0	0	0	0	0	0	0	0	0	0	2	0	0	0	0	1	0	0	0	0	0	0	0	0	0	0	0	0	0	0	0	0	0	0	0	0	0	0	0	0	0	0	0
YFR033C	0	0	0	0	0	0	0	0	0	0	0	0	0	0	0	0	0	0	0	0	0	0	0	0	0	0	0	0	0	0	0	1	0	0	0	0	0	0	0	0	0	0	0	0	0	0	0	0
YPR108W-A	0	0	0	0	0	0	0	0	0	0	0	2	1	15	1	4	0	3	0	3	3	1	4	2	2	4	3	0	56	4	1	83	8	1	1	2	0	0	0	0	0	0	0	0	0	0	0	0
YLR344W	1	0	0	0	0	0	5	1	0	10	4	1	13	13	31	110	35	23	112	43	151	287	326	87	2972	257	106	2039	148	1298	691	97	700	58	20	163	4	3	6	0	0	0	0	0	0	0	0	0
YIL177W-A	0	0	0	0	0	0	0	0	0	0	0	0	0	0	0	0	1	0	0	0	0	0	0	0	0	0	0	0	0	0	0	0	0	0	0	0	0	0	0	0	0	0	0	0	0	0	0	0
YLR449W	0	0	0	0	0	0	0	0	0	0	0	0	0	0	0	2	0	0	0	0	1	0	2	0	24	0	0	2	0	5	0	0	0	1	0	0	0	0	0	0	0	0	0	0	0	0	0	0
YPL240C	5	2	3	1	6	3	19	7	9	30	9	60	106	188	117	761	190	142	531	150	865	882	2057	476	20860	1071	654	8484	583	12068	3466	1014	4592	283	331	983	10	39	33	0	6	0	1	0	0	0	0	0
YDL022W	0	0	0	0	0	0	0	0	0	0	0	0	0	0	0	0	0	0	0	0	0	0	0	0	1	0	0	0	0	0	0	0	0	0	0	0	0	0	0	0	0	0	0	0	0	0	0	0
YLR044C	5	0	3	6	13	5	33	12	2	56	9	79	142	256	110	1214	256	137	785	234	800	1723	2704	433	29753	1647	756	13876	797	11284	5971	1355	3022	414	191	864	7	58	19	0	0	1	0	0	0	0	0	0
YHR096C	0	0	0	0	0	0	0	0	0	4	0	0	4	7	1	18	9	0	14	8	9	7	35	9	273	29	14	181	13	195	46	14	98	5	11	15	0	0	0	0	0	0	0	0	0	0	0	0
YBL002W	1	0	0	0	1	0	2	0	0	9	0	2	28	26	9	76	71	2	32	5	15	22	93	9	748	39	10	389	11	278	70	84	121	5	38	8	0	1	0	0	0	0	0	0	0	0	0	0
YDR174W	0	0	0	0	0	0	0	0	0	0	0	0	0	0	0	0	0	0	0	0	0	1	0	0	0	0	0	0	2	0	3	0	0	0	0	0	0	0	0	0	0	0	0	0	0	0	0	0
YDR409W	0	0	0	0	0	0	0	0	0	0	0	0	0	0	0	3	0	0	0	0	0	0	0	0	0	0	0	0	0	0	1	0	0	1	0	0	0	0	0	0	0	0	0	0	0	0	0	0
YEL070W	0	0	0	0	0	0	0	0	0	0	0	0	0	0	0	0	0	0	0	0	1	2	1	0	6	4	0	7	0	5	5	1	3	0	1	1	0	0	0	0	0	0	0	0	0	0	0	0
YOR071C	0	0	0	0	0	0	0	0	0	0	0	0	0	0	0	2	1	1	1	1	0	3	3	2	43	2	0	8	0	15	3	0	10	0	0	2	0	0	0	0	0	0	0	0	0	0	0	0
YML073C	1	0	0	0	2	1	2	3	0	3	0	5	10	32	13	85	17	36	81	24	110	119	305	55	2215	129	161	996	72	1411	393	120	403	7	28	120	0	5	1	0	0	0	0	0	0	0	0	0
YAL005C	12	0	14	12	26	8	116	20	13	217	54	166	696	895	396	4744	811	814	2388	989	3510	5799	13100	1813	126871	5809	4209	50468	3890	72915	23667	8312	24974	2037	2347	6030	70	422	191	4	22	16	16	2	4	1	1	3
YFL023W	0	0	0	0	0	0	0	0	0	0	0	0	0	0	0	0	0	0	0	0	0	0	0	2	18	0	0	8	0	16	6	2	0	0	0	0	0	0	0	0	0	0	0	0	0	0	0	0
YHR174W	20	5	28	18	63	34	194	54	32	315	121	343	1216	2063	728	7765	1965	1559	5372	2100	8758	11376	32446	4911	271068	14528	7389	111653	8162	155001	43789	15504	56617	5067	4430	13361	113	798	420	9	76	20	3	3	0	2	1	0
YDL035C	0	0	0	1	0	0	0	0	0	0	0	0	0	0	0	2	0	0	0	0	2	1	0	0	10	0	0	0	2	0	0	1	0	2	0	0	1	0	0	0	0	0	0	0	0	0	0	0
YBL011W	0	0	0	0	0	0	1	0	0	0	0	0	0	0	0	0	0	0	0	0	0	0	0	0	7	0	0	0	0	4	0	1	2	1	0	0	0	0	0	0	0	0	0	0	0	0	0	0
YPR042C	0	0	0	2	0	0	0	0	0	0	0	0	0	1	0	3	0	0	0	0	0	0	0	0	12	0	0	0	0	2	0	1	0	2	0	0	0	0	1	0	0	0	0	0	0	0	0	0
YCR102C	0	0	0	0	0	0	0	0	0	0	0	1	0	1	0	1	0	0	0	0	3	6	11	2	51	3	1	35	0	30	15	5	9	2	0	1	0	0	0	0	0	0	0	0	0	0	0	0
YFL038C	0	0	0	0	0	0	0	0	0	0	0	0	0	0	0	0	0	0	0	0	0	0	0	0	0	0	0	0	0	1	0	0	0	0	0	0	0	0	0	0	0	0	0	0	0	0	0	0
YDL005C	0	0	0	0	0	0	0	0	0	0	0	0	0	0	0	0	0	0	0	0	0	0	0	0	0	0	0	0	0	0	0	0	0	0	0	0	1	0	0	0	0	0	0	0	0	0	0	0
YBR093C	0	0	0	0	0	0	0	0	1	2	0	3	2	12	2	29	13	5	21	9	29	43	124	19	825	49	34	282	20	477	104	53	139	10	14	31	0	4	0	0	0	0	0	0	0	0	0	0
YKR106W	0	0	0	0	0	0	0	0	0	0	0	0	0	0	0	0	0	1	0	0	0	0	4	0	15	1	1	6	0	12	2	0	5	0	0	1	0	0	0	0	0	0	0	0	0	0	0	0
YBR108W	0	0	0	0	0	0	0	0	0	0	0	0	0	5	0	0	0	0	4	0	0	0	6	1	17	4	0	4	0	8	1	0	3	0	0	1	0	0	0	0	0	0	0	0	0	0	0	0
YGR240C	0	0	0	0	0	0	0	0	0	0	0	0	0	0	2	0	0	0	0	0	0	0	0	0	0	0	0	0	0	0	0	0	0	0	0	0	0	0	0	0	0	0	0	0	0	0	0	0
YLR134W	5	0	3	6	11	5	33	12	2	56	8	79	141	250	107	1204	186	135	762	219	794	1716	2573	430	29425	1417	760	13144	791	11277	5971	1353	3017	416	191	863	8	58	18	0	0	1	0	0	0	0	0	0
YML103C	0	0	0	0	0	0	0	0	0	0	2	0	0	0	0	1	4	0	1	0	3	0	6	0	0	0	0	0	2	0	0	0	0	0	0	0	0	0	0	0	0	0	0	0	0	0	0	0
YCR041W	0	0	0	0	0	0	0	0	0	0	0	0	0	0	0	0	0	0	1	0	0	0	0	0	3	0	0	3	1	1	1	0	1	0	0	0	0	0	0	0	0	0	0	0	0	0	0	0
YOR390W	0	0	1	0	0	0	1	0	0	0	1	0	2	5	2	8	1	2	7	7	9	15	30	0	224	20	10	97	22	171	48	13	63	6	1	22	1	0	0	0	0	0	0	0	0	0	0	0
YER066W	0	0	0	0	0	0	0	0	0	0	0	0	1	1	0	0	0	0	0	1	1	4	14	0	44	1	1	14	1	35	12	1	9	0	1	2	0	0	0	0	0	0	0	0	0	0	0	0
YAL068C	0	0	0	0	0	0	0	0	0	0	0	0	1	0	1	0	0	0	0	0	0	0	0	0	6	0	0	1	1	2	0	0	1	0	0	0	0	0	0	0	0	0	0	0	0	0	0	0
YGL031C	1	0	1	0	1	0	14	1	1	7	1	7	54	69	28	339	43	33	149	60	152	275	978	115	6787	330	176	2112	226	3231	883	370	877	32	54	138	3	10	2	0	0	0	0	0	0	0	0	0
YIL053W	0	0	0	0	0	0	1	0	0	3	0	0	6	1	1	19	0	0	3	0	0	0	0	0	1	0	0	2	0	0	1	0	0	0	0	0	0	0	0	0	0	0	0	0	0	0	0	0
YLR249W	0	0	1	0	0	0	1	0	0	3	0	4	2	5	12	47	5	4	12	4	5	40	51	12	594	20	21	286	18	418	125	18	187	2	5	35	0	1	0	0	0	0	0	0	0	0	0	0
YDR012W	2	0	4	9	8	2	38	10	7	54	18	71	245	397	152	1717	411	328	1130	447	1654	2212	6302	967	53436	3125	1540	24407	1773	31785	10817	2915	10825	947	694	2627	29	109	104	4	6	4	2	2	0	0	0	0
YIL066C	0	0	0	0	0	0	0	0	0	0	0	0	0	1	0	2	0	0	7	0	2	0	4	2	24	7	0	47	0	43	14	1	20	0	2	0	0	0	0	0	0	0	0	0	0	0	0	0
YDL082W	0	0	0	2	1	2	4	4	1	9	4	14	17	80	28	196	66	39	127	69	220	217	785	114	6689	274	129	2004	163	3233	928	284	1008	121	71	261	0	19	13	4	1	0	1	0	1	0	0	0
YGL253W	0	0	0	0	0	0	0	0	0	0	0	0	0	5	0	0	2	0	0	1	0	4	0	0	4	0	0	0	0	2	0	0	1	0	0	2	0	0	0	0	0	0	0	0	0	0	0	0
YDR345C	0	0	0	0	0	0	7	2	0	8	1	12	28	39	31	197	47	30	142	23	107	146	343	69	2928	205	110	1906	123	1601	710	154	1315	57	53	228	0	11	3	0	0	0	0	0	0	0	0	0
YJL177W	0	0	0	1	2	0	2	1	0	8	5	6	28	66	10	176	49	39	105	54	116	160	586	76	4795	227	86	1290	117	1880	598	93	378	26	12	123	0	0	0	0	0	0	0	0	0	0	0	0
YMR230W	0	0	0	0	5	1	11	5	1	8	1	9	7	35	18	116	44	7	67	11	148	74	267	72	3155	168	51	1656	35	908	220	77	363	8	16	27	1	0	0	0	0	0	0	0	0	0	0	0
YFL058W	0	0	0	0	0	0	0	0	0	1	0	0	0	0	1	3	1	0	1	0	4	4	7	0	29	1	5	12	7	23	4	2	12	0	1	3	0	0	0	0	0	0	0	0	0	0	0	0
YBR299W	0	0	0	0	0	0	0	0	0	0	0	0	0	0	0	0	0	0	1	0	4	2	4	1	30	2	5	9	2	16	6	1	7	1	1	1	0	0	0	0	0	0	0	0	0	0	0	0
YOR108W	0	0	0	0	0	0	1	0	0	0	0	0	1	4	1	25	3	1	11	2	12	14	38	8	262	14	5	78	13	90	39	13	35	3	2	8	0	0	0	0	0	0	0	0	0	0	0	0
YPL081W	2	0	1	1	1	1	1	2	0	5	3	12	16	28	33	116	36	32	137	29	165	160	419	151	4770	257	146	2164	132	3039	733	191	939	39	50	121	0	1	1	0	0	0	0	0	0	0	0	0
YER102W	1	1	5	5	13	4	35	14	2	49	22	76	168	287	131	1210	234	229	1000	279	1308	1632	4268	839	35335	2601	1125	18023	1202	23180	6619	2079	7291	460	713	1549	14	100	23	2	1	2	0	1	0	0	0	0
YNL054W	1	0	0	0	0	0	0	0	0	0	0	0	0	0	0	0	0	0	0	0	0	0	0	0	0	0	0	0	0	0	0	0	0	0	0	0	0	0	0	0	0	0	0	0	0	0	0	0
YOL030W	0	0	0	0	0	0	0	0	0	2	0	0	0	0	0	0	0	0	0	0	0	0	0	0	0	0	0	0	0	0	0	0	0	0	0	0	0	0	0	0	0	0	0	0	0	0	0	0
YPL283W-B	0	0	0	0	0	0	0	0	0	0	0	0	0	0	0	0	1	0	0	0	0	0	0	0	0	0	0	0	0	0	0	0	0	0	0	0	0	0	0	0	0	0	0	0	0	0	0	0
YPL283W-A	0	0	0	0	0	0	0	0	0	0	0	0	0	0	0	0	0	0	0	1	0	0	0	0	0	0	0	0	0	0	0	0	0	0	0	0	0	0	0	0	0	0	0	0	0	0	0	0
YHR054C	0	1	0	0	0	0	1	0	0	1	2	0	1	3	1	33	4	5	13	5	18	36	69	14	475	34	20	188	37	302	87	30	99	14	8	33	0	1	0	0	0	0	0	0	0	0	0	0
YJR161C	0	0	0	1	0	0	2	1	1	5	2	12	9	27	29	56	70	31	36	47	94	81	195	96	1366	140	86	788	102	974	295	80	484	23	39	111	3	3	0	0	0	0	0	0	0	0	0	0
YDL106C	0	0	0	0	1	0	0	0	0	0	0	0	0	0	0	0	0	0	0	0	0	0	0	0	0	0	0	0	0	1	0	0	0	0	0	0	0	0	0	0	0	0	0	0	0	0	0	0
YGL195W	0	0	0	0	0	0	0	0	0	0	0	0	0	0	0	0	0	0	0	0	1	0	0	0	0	0	0	0	0	0	0	0	0	0	0	0	0	0	0	0	0	0	0	0	0	0	0	0
YHR216W	1	0	1	1	0	0	5	0	0	8	1	9	22	21	19	114	28	17	53	36	92	141	309	61	2469	156	106	921	101	1334	546	137	432	39	48	192	1	10	5	0	0	0	0	0	0	0	0	0
YOR167C	0	0	0	0	1	0	0	0	0	1	0	0	0	1	4	12	6	1	19	3	26	10	94	24	708	59	13	475	16	142	74	6	69	0	1	0	0	0	0	0	0	0	0	0	0	0	0	0
YKL172W	0	0	0	0	0	0	0	0	0	0	0	0	0	0	0	3	0	0	0	0	0	0	0	0	80	1	0	3	0	19	1	10	1	9	0	0	2	0	0	0	0	0	0	0	0	0	0	0
YMR290C	0	0	0	0	0	0	0	0	0	0	0	0	0	0	0	0	0	0	0	0	0	0	0	0	1	0	0	0	0	0	0	0	0	0	0	0	0	0	0	0	0	0	0	0	0	0	0	0
YGL189C	1	0	1	0	1	0	6	2	0	3	0	1	13	11	5	67	9	7	42	9	43	36	203	15	2061	86	23	657	54	682	290	85	168	15	15	58	1	2	0	0	0	0	0	0	0	0	0	0
YDR034C-D	1	0	3	0	7	3	17	5	3	29	17	63	90	213	85	504	187	155	379	181	655	638	1423	411	10000	861	636	4572	602	6850	2122	689	2727	192	193	789	8	41	17	0	0	0	0	0	0	0	0	0
YLR206W	0	0	0	0	0	0	0	0	0	0	0	0	0	1	0	0	3	0	0	1	0	0	10	1	14	5	0	3	2	5	0	1	4	0	2	0	0	0	0	0	0	1	0	0	0	0	0	0
YDR034C-A	0	0	0	0	0	0	0	0	0	0	0	0	1	0	1	1	0	0	0	0	0	1	0	0	1	4	2	1	10	0	3	0	0	0	0	0	0	0	0	0	0	0	0	0	0	0	0	0
YDR443C	0	0	0	0	0	0	0	0	0	0	0	0	0	2	0	0	0	0	2	0	0	0	0	0	4	0	0	0	0	4	3	0	1	0	0	0	0	0	0	0	0	0	0	0	0	0	0	0
YEL036C	0	0	0	0	1	0	0	0	0	0	0	0	0	8	1	2	2	0	0	0	2	0	7	3	11	8	0	2	2	15	2	4	10	2	1	1	1	0	0	0	0	0	0	0	0	0	0	0
YHR010W	0	0	0	0	0	0	2	0	2	0	1	1	6	3	4	16	7	4	12	3	9	22	47	11	677	32	16	256	17	323	75	73	79	6	13	10	0	0	0	0	0	0	0	0	0	0	0	0
YDR508C	0	0	0	0	0	0	0	1	0	0	0	0	0	6	1	18	0	2	3	2	9	11	33	5	191	12	3	27	5	124	42	18	31	7	4	15	0	0	0	0	0	0	0	0	0	0	0	0
YER056C	0	0	0	0	0	1	0	0	0	5	0	1	2	8	3	24	4	8	15	5	40	29	71	25	538	35	30	185	19	464	103	34	119	8	9	47	0	2	3	0	0	0	0	0	0	0	0	0
YOL055C	0	0	0	0	0	0	0	0	0	0	0	0	0	0	0	0	0	0	0	0	1	0	0	0	0	0	0	0	0	0	0	0	0	0	0	0	0	0	0	0	0	0	0	0	0	0	0	0
YNL302C	0	0	1	0	3	0	0	2	2	1	4	7	18	61	12	205	45	41	118	62	220	223	1138	144	7580	428	111	2744	193	2934	959	280	1048	56	53	219	1	8	7	0	1	0	0	0	0	0	0	0
YML063W	1	0	1	0	1	3	8	5	1	13	4	20	42	61	31	362	58	50	168	49	187	360	670	119	6122	486	210	3279	268	3148	1204	286	1177	53	65	322	6	6	1	0	1	0	0	0	0	0	0	0
YAL035W	0	0	0	0	0	0	0	0	0	0	0	0	0	1	0	2	0	0	0	0	1	0	1	0	25	0	0	2	0	14	0	0	0	1	0	0	1	0	0	0	0	0	0	0	0	0	0	0
YFR053C	0	0	0	0	0	0	0	0	0	0	0	0	0	5	0	0	2	0	0	1	0	0	4	0	3	1	0	0	0	2	0	0	1	0	0	2	0	0	0	0	0	0	0	0	0	0	0	0
YDR001C	0	0	0	0	0	0	0	0	0	0	0	0	0	0	0	0	0	0	0	0	1	0	2	1	7	0	0	6	0	2	2	0	3	0	0	0	0	0	0	0	0	0	0	0	0	0	0	0
YBL072C	1	1	5	5	13	4	35	14	2	49	22	76	168	287	131	1210	234	229	1000	279	1308	1627	4274	838	35335	2602	1124	18023	1201	23181	6619	2080	7290	462	712	1548	14	100	23	2	1	2	1	0	0	0	0	0
YCR089W	0	0	0	0	0	0	0	0	0	0	0	1	0	0	0	0	0	0	0	0	2	0	2	2	6	0	0	0	0	8	4	0	4	0	0	0	0	0	0	0	0	0	0	0	0	0	0	0
YKR013W	0	0	0	0	0	0	0	0	0	0	0	0	0	0	1	0	0	0	0	0	0	0	0	0	0	0	0	0	0	0	0	0	0	0	0	0	0	0	0	0	0	0	0	0	0	0	0	0
YHR135C	1	0	0	0	0	0	0	1	0	1	0	0	0	2	0	0	0	0	2	0	0	0	3	2	2	1	0	1	0	5	0	4	1	0	4	0	0	0	0	0	0	0	0	0	0	0	0	0
YDR543C	0	0	0	0	0	0	0	0	0	0	0	0	0	0	0	0	0	0	0	0	0	1	0	0	0	0	0	0	0	0	0	0	0	0	0	0	0	0	0	0	0	0	0	0	0	0	0	0
YBR001C	0	0	0	0	0	0	0	0	0	0	0	0	0	0	0	0	0	0	0	0	1	0	2	1	7	0	0	6	0	2	2	0	3	0	0	0	0	0	0	0	0	0	0	0	0	0	0	0
YGL025C	0	0	0	0	0	0	0	0	0	0	0	0	0	0	0	1	0	0	0	0	0	0	3	0	2	0	0	0	0	1	0	0	0	0	0	0	0	0	0	0	0	0	0	0	0	0	0	0
YER060W-A	0	0	0	0	0	1	0	0	0	4	0	1	2	7	3	24	5	8	16	5	40	30	71	26	530	35	31	183	18	463	103	34	117	8	9	48	0	2	3	0	0	0	0	0	0	0	0	0
YOR317W	0	0	0	0	0	0	0	0	0	0	0	0	0	0	0	0	0	0	0	0	0	0	0	0	0	0	0	0	0	1	0	0	0	0	0	0	0	0	0	0	0	0	0	0	0	0	0	0
YBR181C	4	0	4	1	10	5	26	6	4	46	16	49	176	331	129	1204	323	219	847	373	1227	1955	5139	700	40780	2388	1407	17329	1438	22872	7325	2256	7932	515	630	1623	11	74	73	0	12	1	0	0	0	0	0	0
YER190C-B	0	0	0	0	0	0	0	0	0	0	0	0	0	0	0	0	1	0	0	0	0	0	0	0	0	0	0	0	0	0	0	0	0	0	0	0	0	0	0	0	0	0	0	0	0	0	0	0
YER190C-A	0	0	0	0	0	0	0	0	0	0	0	0	0	0	0	0	0	0	0	1	0	0	0	0	0	0	0	0	0	0	0	0	0	0	0	0	0	0	0	0	0	0	0	0	0	0	0	0
YGL049C	0	0	0	0	0	0	0	0	0	0	0	0	0	0	0	0	0	0	0	0	0	1	0	0	0	0	0	0	0	0	0	0	0	0	0	0	0	0	0	0	0	0	0	0	0	0	0	0
YMR263W	0	0	0	0	0	0	0	0	0	0	0	0	0	1	0	1	0	0	0	0	0	0	0	0	3	0	0	2	0	2	0	0	0	0	0	0	0	0	0	0	0	0	0	0	0	0	0	0
YGL258W	0	0	0	0	0	0	0	0	0	1	1	0	3	2	3	15	0	0	8	0	6	15	34	0	183	15	9	82	6	120	46	8	48	1	5	7	0	0	0	0	1	0	0	0	0	0	0	0
YOR383C	0	0	0	0	0	0	2	0	0	4	0	0	2	0	2	10	2	0	6	2	3	6	20	2	148	6	2	58	2	36	44	10	32	4	0	4	0	0	0	0	0	0	0	0	0	0	0	0
