YOR389W	0	0	0	0	0	0	0	0	0	0	0	0	1	0	0	1	1	0	1	0	2	6	8	0	60	3	1	29	2	34	10	2	15	2	1	4	0	0	0	0	0	0	0	0	0	0	0	0
YMR323W	0	0	0	0	0	0	0	0	0	0	0	0	0	0	0	0	0	0	0	0	0	1	0	1	0	0	0	1	0	3	1	0	0	0	0	0	0	0	0	0	0	0	0	0	0	0	0	0
YLR197W	0	0	0	0	0	0	0	0	0	0	0	0	0	1	0	0	0	1	0	0	0	0	0	0	1	0	0	1	0	0	0	0	0	0	0	0	0	0	0	0	0	0	0	0	0	0	0	0
YIL156W	0	0	0	0	0	0	0	0	0	0	0	0	0	1	0	0	0	0	0	0	0	0	0	0	0	0	0	0	0	0	0	0	0	0	0	0	0	0	0	0	0	0	0	0	0	0	0	0
YIL176C	0	0	0	0	0	0	0	0	0	0	0	0	0	0	0	0	0	0	0	0	0	0	0	0	5	0	0	3	0	1	0	0	1	0	0	0	0	0	0	0	0	0	0	0	0	0	0	0
YMR205C	0	0	0	0	0	0	0	0	0	0	0	1	0	2	0	0	0	0	0	0	0	0	0	0	0	0	0	0	0	0	0	0	0	1	0	0	0	0	0	0	0	0	0	0	0	0	0	0
YGR296W	0	0	0	1	0	1	0	2	1	4	5	8	12	9	9	30	6	7	24	10	36	80	171	35	1292	110	70	585	80	793	222	47	290	19	17	53	2	0	5	0	0	0	0	0	0	0	0	0
YGR148C	0	0	0	0	2	3	19	3	3	22	9	21	50	37	16	138	23	35	94	35	141	232	522	80	4297	198	123	1027	113	1942	451	182	399	20	14	63	3	2	2	0	0	0	0	0	0	0	0	0
YKR059W	1	0	3	8	6	2	68	13	37	93	46	101	255	250	108	603	153	188	412	218	630	1530	2670	380	26738	1250	1165	9937	729	13378	4004	873	4225	267	167	911	20	23	27	2	0	1	1	0	0	0	0	0
YER131W	1	0	0	0	1	1	4	1	4	6	2	4	13	16	4	41	6	7	23	6	31	44	135	10	1354	53	20	355	33	363	124	41	91	8	8	11	0	0	0	0	0	0	0	0	0	0	0	0
YPL249C-A	0	0	1	0	0	0	3	1	2	14	1	7	51	15	8	90	13	42	65	48	99	349	410	49	3967	145	254	1603	178	1946	1047	500	462	25	75	180	3	44	4	0	1	0	0	0	0	0	0	0
YML017W	0	0	0	0	0	0	0	0	0	0	0	0	0	0	0	0	0	0	1	0	0	0	2	0	5	0	0	0	0	4	0	0	0	0	0	0	0	0	1	0	0	0	0	0	0	0	0	0
YHR077C	0	0	0	0	0	0	0	0	1	0	0	0	0	0	0	0	0	0	0	0	0	0	0	0	2	0	0	0	0	0	0	0	0	0	0	0	0	0	0	0	0	0	0	0	0	0	0	0
YBR135W	0	0	0	0	0	0	0	2	0	2	0	0	0	2	0	0	0	0	3	3	7	3	7	4	64	5	3	23	0	25	3	0	8	0	0	2	0	0	0	0	0	0	0	0	0	0	0	0
YLR233C	0	0	0	0	0	0	0	0	0	0	0	0	0	0	0	0	0	0	0	0	0	0	0	0	0	0	0	1	0	0	0	0	0	0	0	0	0	0	0	0	0	0	0	0	0	0	0	0
YKL224C	0	0	0	0	0	0	0	0	0	0	0	0	0	0	0	0	0	0	0	0	0	0	0	0	2	0	0	1	0	0	0	0	1	0	0	0	0	0	0	0	0	0	0	0	0	0	0	0
YLR048W	0	0	0	2	1	1	11	4	4	30	4	24	29	20	18	85	25	20	45	25	79	145	334	53	3197	181	88	1049	54	1235	227	54	379	20	20	52	3	3	1	0	0	0	0	0	0	0	0	0
YHR092C	0	0	1	0	0	0	0	1	1	10	2	4	7	11	4	20	8	3	16	1	20	29	82	14	656	56	29	507	21	407	84	25	338	7	5	16	1	1	0	0	0	0	0	0	0	0	0	0
YIL056W	0	0	0	0	0	0	1	0	0	0	0	0	0	0	0	0	0	0	0	0	0	0	0	0	0	0	0	0	0	0	0	0	0	0	0	0	0	0	0	0	0	0	0	0	0	0	0	0
YPR145W	0	0	0	0	0	0	0	0	0	0	2	3	10	3	2	21	3	5	8	4	10	49	77	9	702	12	24	216	20	381	122	35	94	4	5	22	2	0	0	0	0	0	0	0	0	0	0	0
YGL201C	0	0	0	0	0	0	0	0	0	0	0	1	0	0	0	0	0	0	0	0	1	0	0	0	12	1	0	5	0	0	1	0	4	0	0	0	0	0	0	0	0	0	0	0	0	0	0	0
YDR099W	0	0	1	0	0	0	5	1	0	3	2	9	6	16	4	20	18	3	9	8	30	17	56	21	376	34	38	245	8	313	39	17	120	4	4	22	0	1	0	0	0	0	0	0	0	0	0	0
YGR256W	0	0	0	0	0	0	0	0	0	0	0	0	0	0	0	0	0	0	0	0	0	0	0	0	0	0	0	0	0	1	0	0	1	0	0	0	0	0	0	0	0	0	0	0	0	0	0	0
YBL027W	1	0	0	3	2	1	15	1	7	18	13	27	49	51	28	151	32	43	107	41	205	328	832	146	6781	370	209	1974	183	3641	667	117	671	41	15	136	3	0	8	0	0	1	0	0	0	0	0	0
YKL096W-A	0	0	0	0	0	0	0	0	0	0	0	0	0	0	0	0	0	0	0	0	0	0	1	0	0	0	0	1	0	0	0	0	0	0	0	0	0	0	0	0	0	0	0	0	0	0	0	0
YNL208W	0	0	0	0	0	0	0	0	0	0	0	0	0	4	0	2	2	0	4	0	4	6	14	2	46	0	0	24	0	2	0	0	0	0	0	0	0	0	0	0	0	0	0	0	0	0	0	0
YBR117C	0	0	0	0	0	0	0	0	0	0	0	0	0	0	0	0	0	0	0	0	0	0	0	0	1	0	0	0	0	0	0	0	0	0	0	0	0	0	0	0	0	0	0	0	0	0	0	0
YFR019W	0	0	0	0	0	0	0	0	0	0	0	0	1	0	0	0	0	0	0	0	0	0	2	0	1	0	0	0	0	1	1	0	0	0	0	0	0	0	0	0	0	0	0	0	0	0	0	0
YOR309C	0	0	0	0	0	0	0	0	0	0	0	2	0	0	0	0	0	3	0	0	0	4	0	4	0	1	13	1	5	4	0	0	0	0	0	0	0	0	0	0	0	0	0	0	0	0	0	0
YMR227C	0	0	0	0	0	0	0	0	0	0	0	0	0	0	0	1	0	0	0	0	0	0	0	0	0	0	0	0	0	0	0	0	0	0	0	0	0	0	0	0	0	0	0	0	0	0	0	0
YPL277C	0	0	0	0	0	0	0	0	0	0	0	0	1	0	0	1	0	0	1	0	1	5	6	0	44	7	0	24	1	29	9	1	10	1	1	3	0	0	0	0	0	0	0	0	0	0	0	0
YAL063C	0	0	0	0	0	0	0	0	0	0	0	0	0	0	0	0	0	0	0	0	0	2	2	0	1	0	1	2	2	4	1	2	1	0	0	0	0	0	0	0	0	0	0	0	0	0	0	0
YLR465C	0	0	0	0	0	0	0	0	0	0	0	0	0	0	0	0	0	0	0	0	0	0	0	0	0	1	0	0	0	0	0	0	0	0	0	0	0	0	0	0	0	0	0	0	0	0	0	0
YPL274W	0	0	0	0	0	0	0	0	0	0	0	0	0	0	0	1	0	0	0	0	0	0	0	0	0	0	0	0	0	0	0	0	0	0	0	0	0	0	0	0	0	0	0	0	0	0	0	0
YJL219W	0	0	0	0	0	0	0	0	0	0	0	0	0	0	1	0	0	0	0	0	0	0	0	0	8	0	0	1	1	2	1	0	3	0	1	0	0	0	0	0	0	0	0	0	0	0	0	0
YDR046C	0	0	0	0	1	0	0	0	0	0	0	0	0	0	0	0	0	0	0	0	0	0	0	0	0	0	0	0	0	0	0	0	0	0	0	0	0	0	0	0	0	0	0	0	0	0	0	0
YDL246C	0	0	0	0	0	0	0	0	0	0	0	0	0	0	0	0	0	0	0	0	0	1	1	0	11	8	0	8	0	9	5	0	2	0	0	1	0	0	0	0	0	0	0	0	0	0	0	0
YDR033W	0	0	0	1	0	0	0	1	0	2	2	1	12	0	1	5	0	3	1	3	1	13	4	1	37	4	0	22	5	2	26	0	1	0	0	0	0	0	0	0	0	0	0	0	0	0	0	0
YER081W	0	0	0	0	0	0	2	1	0	4	0	0	1	0	0	7	3	3	4	2	2	10	23	2	177	16	8	79	8	87	27	8	27	2	1	6	0	0	1	0	0	0	0	0	0	0	0	0
YLR278C	0	0	0	0	0	0	0	0	0	0	0	0	1	0	0	0	0	0	0	0	0	1	0	0	1	0	0	0	0	0	0	1	1	1	0	0	0	0	0	0	0	0	0	0	0	0	0	0
YER070W	0	0	0	0	0	0	0	0	0	0	0	0	0	0	1	1	1	0	1	0	0	0	0	0	12	2	1	17	0	14	2	0	6	0	0	0	1	0	0	0	0	0	0	0	0	0	0	0
YPL036W	1	0	0	4	2	0	9	1	10	22	13	35	80	50	36	180	31	53	114	37	155	217	497	88	4415	248	188	1551	157	2800	511	210	455	23	11	77	2	1	2	1	0	0	0	0	0	0	0	0
YCL069W	0	0	0	0	0	0	0	0	0	0	0	0	0	0	0	0	0	0	0	0	0	0	0	0	1	0	0	0	0	0	0	0	1	0	0	0	0	0	0	0	0	0	0	0	0	0	0	0
YDR450W	0	1	1	0	2	1	21	1	7	26	12	19	65	68	23	165	45	42	116	57	162	307	825	90	6304	337	174	2057	190	2174	616	231	579	59	40	86	3	5	11	1	0	0	0	0	0	0	0	0
YOR312C	1	0	1	3	2	0	22	2	13	40	38	38	210	77	27	366	37	63	114	87	156	518	929	67	8331	444	190	2631	267	2361	1300	272	488	62	33	102	1	5	3	2	0	0	0	0	0	0	0	0
YJL113W	0	0	0	0	0	0	0	0	0	0	0	0	2	0	0	1	0	0	1	0	0	2	1	1	14	1	2	7	2	12	2	1	3	0	0	2	0	0	0	0	0	0	0	0	0	0	0	0
YGL028C	0	0	0	0	0	0	0	0	0	0	0	0	0	0	0	0	0	2	0	0	0	0	0	0	8	0	0	6	0	8	0	0	4	0	0	0	0	0	0	0	0	0	0	0	0	0	0	0
YGL227W	0	0	0	0	0	0	0	0	0	0	0	0	0	0	0	0	0	0	0	0	0	0	0	0	3	0	0	0	0	3	0	0	0	0	0	0	0	0	0	0	0	0	0	0	0	0	0	0
YIL018W	0	1	2	2	6	3	40	17	16	64	20	71	158	151	84	450	142	102	322	123	495	623	2090	334	17345	1226	474	7821	572	8509	2272	729	2994	178	174	540	13	18	23	0	1	0	0	1	0	0	0	0
YIL074C	0	0	0	0	0	0	2	1	0	4	0	0	1	0	0	7	3	3	4	2	2	10	23	2	177	16	8	79	8	87	27	8	27	2	1	6	0	0	1	0	0	0	0	0	0	0	0	0
YKR045C	0	0	0	0	0	0	0	0	0	0	0	0	0	0	0	1	0	0	0	0	0	0	0	0	0	0	0	0	0	0	0	0	0	0	0	0	0	0	0	0	0	0	0	0	0	0	0	0
YOL144W	0	0	0	0	0	0	0	0	0	0	0	0	0	1	0	2	0	0	0	0	0	0	0	0	3	0	0	1	0	3	0	1	0	1	0	0	0	0	0	0	0	0	0	0	0	0	0	0
YGL237C	0	0	0	0	0	0	0	0	0	0	0	0	0	0	0	0	1	0	0	0	1	0	0	0	2	0	0	0	0	1	0	0	0	0	0	0	0	0	0	0	0	0	0	0	0	0	0	0
YNR075W	0	0	0	0	0	0	0	0	0	0	0	0	0	0	0	0	0	0	0	0	1	0	0	0	1	0	1	0	0	1	0	0	0	1	0	0	0	0	0	0	0	0	0	0	0	0	0	0
YDR073W	0	0	0	0	0	0	0	0	0	0	0	0	0	0	0	0	0	0	2	0	0	0	0	0	8	0	0	4	0	7	0	0	0	0	0	2	0	0	0	0	0	0	0	0	0	0	0	0
YHL024W	0	0	0	0	0	0	1	0	0	0	1	0	0	2	0	0	0	0	0	0	0	0	0	0	0	0	0	0	0	0	0	0	0	0	0	0	0	0	0	0	0	0	0	0	0	0	0	0
YOL156W	0	0	0	0	0	0	0	0	0	0	0	0	0	0	1	0	0	0	0	0	0	0	0	0	8	0	0	1	1	1	1	0	3	0	1	0	0	0	0	0	0	0	0	0	0	0	0	0
YJR030C	0	0	0	0	0	0	0	0	0	0	0	0	0	0	0	0	0	2	0	0	0	0	0	0	0	0	0	0	0	0	0	0	0	0	0	0	0	0	0	0	0	0	0	0	0	0	0	0
YDR299W	0	0	0	0	0	0	0	0	0	0	0	0	1	0	0	1	1	0	1	0	0	0	0	0	3	0	0	0	0	0	0	0	0	0	0	0	0	0	0	0	0	0	0	0	0	0	0	0
YBR297W	0	0	0	0	0	0	0	0	0	2	0	0	0	0	0	0	0	0	1	0	0	0	2	0	6	1	0	2	0	2	1	0	1	0	0	1	0	0	0	0	0	0	0	0	0	0	0	0
YGL178W	0	0	0	0	0	0	0	0	0	0	0	0	0	0	0	0	0	0	0	0	0	0	0	0	1	0	0	0	0	0	0	0	0	0	0	0	0	0	0	0	0	0	0	0	0	0	0	0
YDR278C	2	0	2	3	0	8	25	19	6	293	83	22	13	28	117	11	228	13	46	55	16	27	41	65	37	388	64	121	856	43	36	1108	146	17	4145	14	101	93	1	6	5	0	0	0	0	0	0	0
YKL156W	0	0	0	0	0	0	0	0	0	0	0	0	0	0	0	0	0	0	0	0	0	0	0	0	1	0	0	0	0	0	0	0	0	0	0	0	0	0	0	0	0	0	0	0	0	0	0	0
YBR202W	0	0	0	0	0	0	0	0	0	0	0	1	0	0	0	0	0	0	0	0	1	0	0	0	12	1	0	5	0	0	1	0	4	0	0	0	0	0	0	0	0	0	0	0	0	0	0	0
YCR039C	0	0	0	0	0	0	0	0	0	2	0	0	1	1	1	0	0	2	3	1	1	4	4	6	15	35	2	41	24	10	18	6	4	2	0	2	0	0	0	0	0	0	0	0	0	0	0	0
YGR118W	0	1	0	0	0	2	19	4	5	30	11	37	82	48	24	184	41	38	123	71	210	485	812	112	6342	396	241	2228	219	3333	926	192	826	54	24	165	10	1	3	0	0	0	0	0	0	0	0	0
YAR069C	0	0	0	0	0	0	0	0	0	0	0	0	0	0	0	0	0	0	0	0	0	0	0	0	0	0	0	0	0	1	0	0	0	0	0	0	0	0	0	0	0	0	0	0	0	0	0	0
YOR185C	0	0	0	0	0	0	1	0	0	0	1	0	3	0	0	1	0	1	1	0	2	4	5	2	23	6	0	36	0	3	11	0	1	0	0	1	0	0	0	0	0	0	0	0	0	0	0	0
YLR175W	0	0	0	0	0	0	0	0	0	0	0	0	0	1	0	1	0	1	0	0	0	4	4	0	12	0	1	3	1	5	0	0	0	0	0	0	0	0	0	0	0	0	0	0	0	0	0	0
YOL120C	1	0	0	5	1	0	13	2	8	33	10	35	69	39	33	134	34	40	120	37	160	347	761	110	6316	416	254	2704	191	3948	641	234	1296	34	55	138	2	1	7	0	1	0	0	0	0	0	0	0
YOR133W	1	2	5	26	19	10	153	44	79	306	121	353	780	722	400	1942	430	643	1427	697	2245	4551	9484	1315	87465	4234	3365	31183	2611	49014	12273	3699	14391	899	727	2980	56	116	101	6	5	4	2	0	1	0	0	0
YGR279C	0	0	0	0	0	0	0	0	0	1	1	1	6	1	2	1	1	0	1	1	3	2	7	2	135	18	1	76	1	29	15	2	6	0	0	2	0	0	0	0	0	0	0	0	0	0	0	0
YMR143W	0	0	0	0	1	1	7	1	4	14	3	18	31	12	13	27	12	18	16	6	34	43	126	18	1205	98	29	480	26	858	85	37	324	8	3	35	0	0	0	0	0	0	0	0	0	0	0	0
YCL067C	0	0	0	0	0	0	0	0	0	2	0	0	1	1	1	0	0	2	3	1	1	4	4	6	15	35	2	41	24	10	18	6	4	2	0	2	0	0	0	0	0	0	0	0	0	0	0	0
YOR192C	0	0	0	0	0	0	0	0	0	0	0	0	0	0	0	0	0	0	0	0	0	3	7	1	42	3	1	17	0	26	1	0	5	0	0	0	0	0	0	0	0	0	0	0	0	0	0	0
YAL068W-A	0	0	0	0	0	0	0	0	0	0	0	0	0	0	0	0	0	0	0	0	0	0	0	0	0	0	0	0	1	0	0	0	0	1	0	0	0	0	0	0	0	0	0	0	0	0	0	0
YMR043W	0	0	0	0	0	0	1	1	0	0	0	0	0	1	0	0	0	0	2	0	7	1	1	1	12	2	4	3	0	11	0	0	1	0	0	0	0	0	0	0	0	0	0	0	0	0	0	0
YMR251W-A	0	0	0	0	0	0	0	0	0	0	0	1	0	0	0	0	0	0	0	0	0	0	0	0	0	0	0	0	0	0	0	0	0	0	0	0	0	0	0	0	0	0	0	0	0	0	0	0
YGR295C	0	0	0	0	0	1	3	0	2	6	2	5	7	10	22	18	20	3	18	18	30	36	62	26	657	49	39	304	32	398	109	29	147	5	6	26	0	0	0	0	0	0	0	0	0	0	0	0
YFL060C	0	0	0	0	0	0	0	0	0	0	0	0	0	0	0	1	0	0	0	1	0	2	2	0	16	1	3	5	1	6	2	1	2	0	0	0	0	0	0	0	0	0	0	0	0	0	0	0
YDR173C	0	0	0	0	0	0	0	0	0	0	0	0	0	0	0	1	0	0	0	0	0	0	0	0	1	0	0	0	0	1	0	0	0	0	0	0	0	0	0	0	0	0	0	0	0	0	0	0
YNL014W	0	0	0	0	0	0	0	1	2	6	0	1	4	9	2	15	5	4	7	4	16	18	35	14	449	19	31	152	11	354	72	4	154	0	2	14	0	0	0	0	0	0	0	0	0	0	0	0
YGL122C	0	0	0	0	0	0	1	1	0	8	0	8	0	0	7	8	0	0	23	7	8	7	83	8	303	49	14	182	56	368	119	56	120	0	26	46	0	7	0	0	0	0	0	0	0	0	0	0
YHR141C	0	0	1	6	1	1	21	6	10	40	18	56	108	134	50	270	90	79	192	102	308	546	1279	147	9668	622	362	3735	366	5062	1254	451	1725	89	62	282	8	25	7	2	0	0	0	0	0	1	0	0
YEL073C	0	0	0	0	0	0	0	0	0	0	0	0	0	0	0	0	1	0	0	1	2	7	6	0	43	3	3	14	3	12	6	1	3	0	0	0	0	1	0	0	0	0	0	0	0	0	0	0
YKL006W	0	0	2	3	2	0	19	9	16	40	12	51	91	93	49	216	50	99	163	86	298	409	1320	197	9239	468	382	3226	345	6284	1401	373	1365	68	68	301	4	11	9	1	0	1	0	0	0	0	0	0
YBR169C	0	0	0	0	0	0	1	0	0	0	0	0	0	0	0	0	0	0	0	0	0	0	0	0	1	0	0	0	0	1	0	1	0	0	0	0	0	0	0	0	0	0	0	0	0	0	0	0
YGL147C	0	1	0	4	2	0	21	2	7	27	13	36	72	63	33	178	23	54	101	56	188	449	841	98	7653	325	254	2138	179	2923	859	369	878	77	83	144	1	7	2	0	0	1	0	0	0	0	0	0
YMR305C	0	0	0	0	0	0	0	0	0	1	1	1	6	1	2	1	1	0	1	1	3	2	7	2	135	18	1	76	1	29	15	2	6	0	0	2	0	0	0	0	0	0	0	0	0	0	0	0
YJR159W	0	0	0	0	0	0	0	0	0	0	0	0	0	0	0	0	0	0	0	0	0	1	1	0	11	8	0	8	0	9	5	0	2	0	0	1	0	0	0	0	0	0	0	0	0	0	0	0
YBR150C	0	0	0	0	0	0	0	0	0	0	0	0	0	0	0	1	0	0	0	0	0	0	13	0	59	10	1	13	13	88	1	12	0	2	12	0	11	0	0	0	0	0	0	0	0	0	0	0
YDL136W	1	0	2	7	5	2	27	13	9	105	16	68	110	128	83	234	99	83	280	99	329	797	1192	247	11862	653	656	4765	378	7266	1490	539	2265	94	118	296	11	2	6	0	0	0	0	0	0	0	0	0
YBR191W	0	0	0	1	4	0	13	3	3	21	13	22	76	55	35	161	41	41	111	60	174	304	892	96	6406	330	187	2097	170	2843	750	238	877	55	50	106	3	4	4	2	0	0	0	0	0	0	0	0
YDL173W	0	0	0	0	0	0	0	0	0	0	0	0	1	0	0	0	0	0	0	0	0	0	0	0	0	0	0	0	0	0	0	0	0	0	0	0	0	0	0	0	0	0	0	0	0	0	0	0
YJR047C	0	0	0	0	0	0	2	0	2	5	1	14	14	18	9	34	17	11	22	14	62	66	243	45	1358	88	134	450	45	1086	139	138	214	8	20	52	0	2	0	0	0	0	0	0	0	0	0	0
YMR006C	0	0	0	0	0	0	0	0	0	0	0	0	0	0	0	0	0	1	1	0	0	0	2	0	33	0	0	8	1	11	5	4	4	0	0	1	0	1	0	0	0	0	0	0	0	0	0	0
YKR105C	0	0	0	0	0	0	0	0	0	0	0	0	0	0	0	0	0	0	0	0	0	0	0	0	1	0	0	0	0	0	0	0	1	0	0	0	0	0	0	0	0	0	0	0	0	0	0	0
YGL053W	0	0	0	0	0	0	0	0	0	0	0	0	0	1	1	0	1	0	2	1	0	7	8	5	76	5	4	28	10	34	14	6	16	0	1	3	0	0	0	0	0	0	0	0	0	0	0	0
YFL050C	0	0	0	0	0	0	0	0	0	0	0	0	0	0	0	1	0	0	0	0	0	0	0	0	5	0	1	2	0	2	2	0	1	0	0	1	0	0	0	0	0	0	0	0	0	0	0	0
YLL066W-B	0	0	0	0	0	0	0	0	0	0	0	0	0	0	0	0	0	0	0	0	0	0	0	0	0	0	0	0	2	1	0	0	0	0	0	0	0	0	0	0	0	0	0	0	0	0	0	0
YIL172C	0	0	0	0	0	0	0	0	0	0	0	1	1	0	0	0	0	0	2	0	1	1	1	0	26	3	0	9	3	14	10	1	6	1	0	1	0	0	0	0	0	0	0	0	0	0	0	0
YDR385W	1	2	5	26	19	10	153	44	79	306	121	353	780	722	400	1942	430	643	1427	697	2245	4551	9484	1315	87465	4234	3365	31183	2611	49014	12273	3699	14391	899	727	2980	56	116	101	6	5	4	2	0	1	0	0	0
YFL063W	0	0	0	0	0	0	0	0	0	0	0	0	0	0	0	0	0	0	0	0	0	0	0	0	0	0	0	0	1	0	0	0	1	0	0	0	0	0	0	0	0	0	0	0	0	0	0	0
YEL049W	0	0	0	0	0	0	0	0	0	0	0	0	0	0	0	0	0	0	0	0	0	0	0	0	1	0	0	4	0	2	0	0	1	0	0	0	0	0	0	0	0	0	0	0	0	0	0	0
YEL017C-A	0	0	1	0	0	0	1	1	2	6	0	3	15	5	5	17	4	8	30	5	21	40	69	21	418	101	67	371	42	245	28	32	125	2	6	4	0	0	0	0	0	0	0	0	0	0	0	0
YIL133C	0	1	1	0	2	0	1	1	0	3	3	4	6	2	2	10	1	2	9	2	5	11	29	1	430	4	2	40	0	21	1	0	3	0	0	0	0	0	0	0	0	0	0	0	0	0	0	0
YOR391C	0	0	0	0	0	0	0	0	0	0	0	0	0	0	0	0	0	0	0	0	0	0	0	0	2	0	1	2	0	0	2	1	0	0	0	0	0	0	0	0	0	0	0	0	0	0	0	0
YIL069C	2	0	2	2	3	1	26	4	10	56	9	44	66	111	57	243	61	54	162	74	292	593	1073	181	12327	462	309	4465	241	5837	1275	504	1706	97	73	210	7	6	8	0	0	0	0	0	0	0	0	0
YBR054W	0	0	0	1	0	0	0	1	0	2	2	1	12	0	1	5	0	3	1	3	1	13	4	1	37	4	0	22	5	2	26	0	1	0	0	0	0	0	0	0	0	0	0	0	0	0	0	0
YIL052C	0	0	0	4	1	0	14	2	4	22	5	15	32	37	19	109	23	13	77	28	121	141	590	89	4876	252	107	1613	132	1304	703	79	395	22	11	37	0	1	1	0	0	0	0	0	0	0	0	0
YEL007W	0	0	0	0	0	0	0	0	0	0	0	1	0	0	0	0	0	0	0	0	0	2	1	0	4	0	0	0	1	0	0	2	1	3	0	0	0	0	0	0	0	0	0	0	0	0	0	0
YNL067W	0	1	0	4	2	0	21	2	7	27	13	36	72	63	33	178	23	54	101	56	188	450	840	98	7654	324	254	2139	179	2922	860	369	877	77	83	144	1	7	2	0	0	1	0	0	0	0	0	0
YKR057W	0	0	0	5	0	1	3	0	2	6	0	4	18	19	6	22	13	9	18	9	27	26	81	24	685	83	28	446	20	364	67	41	304	5	22	22	2	0	2	0	0	0	0	0	0	0	0	0
YLR061W	0	0	0	0	0	0	0	0	0	0	0	1	0	0	0	1	0	0	2	0	3	0	2	1	0	2	0	0	0	0	0	0	0	0	0	0	0	0	0	0	0	0	0	0	0	0	0	0
YLR237W	0	0	0	0	0	0	0	0	0	0	0	0	0	0	0	0	0	0	0	0	0	3	6	0	42	1	2	14	1	17	2	0	9	0	0	0	0	0	0	0	0	0	0	0	0	0	0	0
YLR390W-A	0	0	0	0	0	0	0	0	0	6	0	0	8	2	0	8	0	0	2	2	0	10	38	14	414	8	8	82	8	118	22	8	42	4	4	4	0	0	0	0	0	0	0	0	0	0	0	0
YHR214W-A	0	0	0	0	0	0	0	0	0	0	0	0	0	0	0	0	0	1	2	0	0	3	1	2	1	0	8	0	4	2	0	3	0	0	2	0	0	0	0	0	0	0	0	0	0	0	0	0
YPR154W	0	0	0	0	0	0	0	0	0	0	0	0	0	0	2	1	0	0	0	0	1	0	0	0	0	0	0	0	0	0	0	0	0	0	0	0	0	0	0	0	0	0	0	0	0	0	0	0
YNL069C	0	1	1	0	2	0	1	1	0	3	3	4	6	2	2	10	1	2	9	2	5	11	29	1	430	4	2	40	0	21	1	0	3	0	0	0	0	0	0	0	0	0	0	0	0	0	0	0
YKR042W	0	0	0	0	0	0	1	0	0	0	0	0	0	0	0	0	0	0	0	0	0	0	0	0	0	0	0	0	0	0	0	0	0	0	0	0	0	0	0	0	0	0	0	0	0	0	0	0
YNR052C	0	0	0	0	0	0	0	0	0	0	0	0	0	0	0	0	0	0	3	0	1	2	1	1	18	2	0	3	2	3	1	1	3	0	1	1	0	0	0	0	0	0	0	0	0	0	0	0
YDR312W	0	0	1	1	0	0	0	0	0	2	2	1	5	0	2	4	1	1	5	1	8	15	23	2	201	7	11	60	6	101	16	3	23	0	1	6	0	0	0	0	0	0	0	0	0	0	0	0
YPL184C	0	0	0	0	0	0	1	0	0	0	0	0	0	0	0	0	0	0	0	0	0	0	0	0	0	0	0	0	0	0	0	0	0	0	0	0	0	0	0	0	0	0	0	0	0	0	0	0
YDR145W	0	0	0	0	0	0	0	0	0	0	2	0	0	1	0	2	1	0	2	0	2	0	3	1	36	4	2	13	2	26	5	3	10	1	0	2	1	0	1	0	0	0	0	0	0	0	0	0
YFL009W	0	0	0	0	0	0	0	0	0	0	0	0	1	0	1	1	0	0	2	1	2	9	9	2	73	6	9	25	7	43	9	1	16	1	1	6	0	0	0	0	0	0	0	0	0	0	0	0
YNL019C	0	0	0	0	0	0	0	0	0	0	0	0	0	0	0	0	0	0	0	0	1	1	1	0	10	4	1	1	0	2	3	0	0	0	0	1	0	0	0	0	0	0	0	0	0	0	0	0
YOR329C	0	0	0	0	0	0	0	0	0	1	0	0	0	0	0	0	0	0	0	0	0	0	0	0	0	0	0	0	0	0	0	0	0	0	0	0	0	0	0	0	0	0	0	0	0	0	0	0
YJL129C	0	0	0	0	0	0	0	0	0	0	0	0	0	0	0	0	0	0	0	0	0	0	0	0	0	0	0	0	0	1	0	0	0	0	0	0	0	0	0	0	0	0	0	0	0	0	0	0
YCR097W-A	0	0	0	0	0	0	0	0	0	0	0	0	0	0	0	0	0	0	0	0	0	0	1	0	1	1	0	0	0	1	1	0	0	0	0	0	0	0	0	0	0	0	0	0	0	0	0	0
YHR203C	1	0	3	5	7	4	41	19	26	100	40	100	218	197	157	549	165	161	365	157	693	1431	2673	402	23446	1292	996	9469	729	13160	3151	835	4351	282	195	788	14	16	29	2	0	2	0	0	0	0	0	0
YHR214C-B	1	0	9	16	10	3	143	35	76	314	108	326	503	458	371	1122	327	445	977	520	1410	3026	5327	1148	43207	3151	2989	16915	2103	27325	7597	1927	9460	600	411	2242	16	45	43	1	0	2	0	1	1	0	0	0
YEL039C	0	0	0	0	0	0	0	0	0	0	0	0	0	1	0	2	1	0	0	0	0	2	1	1	21	0	3	7	2	17	2	1	1	0	0	1	0	0	0	0	0	0	0	0	0	0	0	0
YPL060C-A	0	0	0	0	0	0	0	0	0	0	0	0	2	0	0	1	0	0	1	0	0	2	1	1	19	4	4	9	3	15	3	1	4	0	0	2	0	0	0	0	0	0	0	0	0	0	0	0
YGL062W	0	0	0	0	0	2	3	0	3	4	4	5	14	12	15	34	9	8	12	11	51	62	158	25	1083	67	53	427	34	668	153	39	185	17	12	38	1	1	3	0	0	0	0	0	0	0	0	0
YLR461W	0	0	0	0	0	0	0	0	0	0	0	0	0	0	0	0	0	0	0	0	0	0	0	0	3	0	0	4	0	2	0	0	1	0	0	0	0	0	0	0	0	0	0	0	0	0	0	0
YIL082W	0	0	0	0	0	0	0	0	0	0	0	0	0	0	0	0	0	0	1	0	0	0	1	0	15	2	0	10	0	8	3	0	1	0	0	1	0	0	0	0	0	0	0	0	0	0	0	0
YHR214C-D	0	0	0	0	0	0	0	0	0	0	0	0	0	0	0	0	0	0	0	0	0	0	0	0	0	0	0	0	0	1	0	0	0	0	0	0	0	0	0	0	0	0	0	0	0	0	0	0
YNL186W	0	0	0	0	0	0	2	0	0	0	0	0	0	0	0	0	0	0	0	0	2	0	0	0	12	0	0	0	0	2	0	0	0	2	0	0	0	0	0	0	0	0	0	0	0	0	0	0
YAR031W	0	0	0	0	0	0	0	0	0	0	0	0	0	1	1	0	0	0	2	0	0	7	7	3	66	2	3	23	7	25	9	4	14	0	0	3	0	0	0	0	0	0	0	0	0	0	0	0
YDR077W	0	0	0	4	2	2	42	4	42	60	22	75	140	66	66	234	32	122	166	164	278	976	1264	208	9508	490	634	2482	378	5802	1316	318	1298	200	46	448	6	14	14	0	0	0	0	0	0	0	0	0
YIL115C	0	0	0	0	0	0	0	0	0	0	0	0	0	0	0	2	0	0	2	0	2	0	4	0	28	2	0	16	4	18	12	0	4	0	0	0	0	0	0	0	0	0	0	0	0	0	0	0
YBR189W	0	0	0	0	0	0	7	8	1	18	3	24	27	21	15	51	23	17	56	14	83	127	285	55	3168	160	106	1318	82	1768	393	92	450	14	19	37	0	2	4	0	0	0	0	0	0	0	0	0
YHR214C-C	1	0	7	14	10	2	113	26	65	229	82	259	377	337	275	805	247	329	718	391	1026	2280	3899	860	31946	2457	2319	12796	1611	20699	5930	1459	7293	456	326	1811	12	40	33	1	0	2	0	1	1	0	0	0
YHL020C	0	0	1	0	0	0	0	0	0	1	0	0	0	0	0	0	0	0	1	0	0	0	1	0	7	0	0	2	0	3	2	0	1	0	1	2	0	0	0	0	0	0	0	0	0	0	0	0
YIL009W	0	0	0	1	0	0	0	0	0	0	0	0	0	0	0	0	0	0	0	0	3	0	2	0	8	0	1	6	2	9	0	1	3	1	1	2	0	0	0	0	0	0	0	0	0	0	0	0
YDR289C	0	0	0	0	0	0	0	0	0	0	0	0	0	0	0	1	0	0	0	0	0	0	2	0	14	1	0	2	1	11	1	1	0	1	1	0	0	0	0	0	0	0	0	0	0	0	0	0
YNL190W	0	0	0	0	0	0	2	2	8	9	0	9	47	20	23	68	2	20	25	36	55	174	318	43	2336	166	109	906	83	1035	399	125	295	24	29	97	2	0	2	0	0	0	0	0	0	0	0	0
YPL089C	0	0	0	0	0	0	0	0	0	0	0	0	0	0	0	0	0	0	0	1	0	1	0	2	1	0	1	0	2	0	0	0	0	0	0	0	0	0	0	0	0	0	0	0	0	0	0	0
YJR090C	0	0	1	0	0	0	0	0	0	0	1	0	0	2	0	0	0	0	0	4	0	0	0	0	1	1	2	1	17	2	1	8	1	0	0	0	0	0	0	0	0	0	0	0	0	0	0	0
YGR032W	0	0	0	0	0	0	0	1	0	6	2	2	4	4	4	6	2	0	8	0	8	22	23	5	197	9	5	132	1	72	13	1	24	0	0	2	0	0	0	0	0	0	0	0	0	0	0	0
YJR145C	1	0	3	5	7	4	41	19	26	100	40	100	218	197	157	549	165	161	365	157	693	1431	2673	402	23446	1292	996	9469	729	13160	3151	835	4351	282	195	788	14	16	29	2	0	2	0	0	0	0	0	0
YLR342W	0	0	0	0	0	0	0	1	0	6	2	2	4	5	4	6	2	0	8	0	8	22	22	5	197	9	5	132	1	72	13	1	24	0	0	2	0	0	0	0	0	0	0	0	0	0	0	0
YML026C	0	1	1	0	2	1	21	1	7	26	12	19	65	68	23	166	45	41	116	58	161	306	825	91	6252	385	178	2039	237	2145	620	268	538	60	40	85	4	5	10	1	0	0	0	0	0	0	0	0
YHR089C	0	0	0	0	0	0	0	0	0	0	0	0	0	0	0	0	0	0	0	0	0	0	0	0	2	0	0	0	0	0	0	0	0	0	0	0	0	0	0	0	0	0	0	0	0	0	0	0
YGL014W	0	0	0	0	0	0	0	0	0	0	0	1	0	0	0	0	0	0	0	0	0	2	0	0	3	0	0	0	0	0	0	1	1	2	0	0	0	0	0	0	0	0	0	0	0	0	0	0
YGR027C	0	0	0	2	1	0	1	0	4	4	2	5	6	3	5	13	3	7	15	1	27	52	41	7	481	33	14	159	2	206	64	23	33	1	1	7	0	0	0	0	0	0	0	0	0	0	0	0
YOR396W	0	0	0	1	0	1	0	2	1	4	5	8	13	6	10	26	6	6	25	10	37	76	156	37	1258	112	60	581	70	771	227	50	281	19	14	52	2	0	5	0	0	0	0	0	0	0	0	0
YJR127C	1	0	0	0	0	0	0	0	0	0	0	0	0	0	0	0	0	0	0	0	0	0	2	0	0	0	1	0	0	2	0	0	0	0	0	0	0	0	0	0	0	0	0	0	0	0	0	0
YOL106W	0	0	0	0	0	0	0	0	0	0	0	0	0	0	0	0	0	0	0	0	1	0	0	0	1	1	1	2	0	1	0	0	0	0	0	0	0	0	0	0	0	0	0	0	0	0	0	0
YOR141C	0	0	0	0	0	0	0	0	0	0	0	1	0	0	0	0	0	0	0	0	0	0	0	0	0	0	0	0	0	0	0	0	0	0	0	0	0	0	0	0	0	0	0	0	0	0	0	0
YPL280W	0	0	0	0	0	0	0	0	0	0	0	0	0	0	0	0	0	0	0	0	0	0	0	0	2	0	1	3	0	0	2	1	0	0	0	0	0	0	0	0	0	0	0	0	0	0	0	0
YHR180W-A	0	0	1	0	0	0	0	4	1	0	4	4	0	110	0	0	0	1	0	0	1	1	0	0	1	0	3	0	24	0	0	35	0	0	0	0	0	0	0	0	0	0	0	0	0	0	0	0
YAL011W	0	0	0	0	0	0	0	0	0	0	0	0	0	0	0	1	0	0	0	0	0	0	0	0	0	0	0	0	0	0	0	0	0	0	0	0	0	0	0	0	0	0	0	0	0	0	0	0
YER177W	0	0	0	0	0	0	4	1	0	3	2	8	6	9	2	19	16	3	8	7	22	15	52	19	342	28	33	231	6	225	34	10	101	1	1	13	0	0	0	0	0	0	0	0	0	0	0	0
YDR500C	0	0	0	0	0	1	5	2	3	5	3	7	4	16	7	30	22	7	25	11	49	28	155	32	856	162	34	407	71	542	133	55	201	4	17	30	1	2	1	0	0	0	0	0	0	0	0	0
YMR246W	0	0	0	1	0	0	0	0	0	0	0	0	0	0	0	0	0	0	0	0	3	0	2	0	8	0	1	7	2	9	0	1	3	1	1	2	0	0	0	0	0	0	0	0	0	0	0	0
YGR086C	0	0	0	0	0	0	2	0	0	2	0	0	1	1	0	4	0	0	0	0	0	3	1	0	0	2	0	0	0	0	0	0	0	0	0	0	0	0	0	0	0	0	0	0	0	0	0	0
YBR031W	1	0	5	13	5	3	62	7	39	102	34	155	355	287	141	833	198	229	593	253	891	1576	3589	509	34122	1636	1110	13584	1003	19045	5200	1269	5517	448	227	1079	37	27	38	0	2	2	0	0	0	0	0	0
YLR448W	0	1	0	0	0	0	2	4	3	13	5	10	8	22	16	42	14	14	42	20	66	89	198	51	1457	70	114	559	37	871	180	45	202	3	4	42	0	3	0	0	0	1	0	0	0	0	0	0
YGR103W	0	0	0	0	0	0	1	0	0	1	0	0	0	0	0	0	0	0	0	0	0	0	0	0	0	0	0	0	0	0	0	0	0	0	0	0	0	0	0	0	0	0	0	0	0	0	0	0
YLR037C	0	0	0	0	0	0	0	0	0	0	0	0	0	0	0	0	0	0	0	0	0	0	0	0	3	0	0	1	0	2	0	0	0	0	0	0	0	0	0	0	0	0	0	0	0	0	0	0
YLR157C	0	0	0	0	0	0	0	0	0	0	0	0	1	0	1	1	2	3	3	3	3	7	4	3	22	28	2	39	17	17	20	10	7	3	0	2	0	0	1	0	0	0	0	0	0	0	0	0
YOR394C-A	0	0	0	0	0	0	0	0	0	0	0	0	0	0	0	0	0	0	0	0	0	0	0	0	0	0	1	0	0	0	0	0	0	0	0	0	0	0	0	0	0	0	0	0	0	0	0	0
YBR009C	0	0	0	3	2	2	15	7	3	20	6	13	46	55	29	132	41	40	74	52	171	227	648	125	4555	330	195	1788	147	2683	514	127	646	15	15	65	2	1	5	0	0	0	0	0	0	0	0	0
YLR167W	1	0	1	3	2	1	15	4	2	24	11	12	43	46	14	101	20	27	68	33	80	145	488	54	4498	246	164	1582	170	2504	545	318	359	52	18	103	2	8	4	0	0	2	0	1	0	0	0	0
YLR293C	0	0	0	0	0	0	1	0	0	0	1	0	3	0	0	1	0	1	1	0	2	4	5	2	23	6	0	36	0	3	11	0	1	0	0	1	0	0	0	0	0	0	0	0	0	0	0	0
YOR372C	2	0	0	0	0	0	1	0	0	0	0	2	0	0	3	1	0	0	0	0	4	0	2	1	8	6	3	6	3	38	2	3	14	15	2	1	0	0	0	0	0	0	0	0	0	0	0	0
YBL091C	0	0	0	0	0	0	1	0	0	0	0	0	0	0	0	0	0	0	0	0	0	0	0	0	0	0	0	0	0	0	0	0	0	0	0	0	0	0	0	0	0	0	0	0	0	0	0	0
YDR025W	1	0	0	0	4	1	20	2	6	32	13	31	69	47	21	142	35	46	97	64	193	372	641	112	4885	283	235	1745	144	2137	562	227	840	32	37	134	0	2	3	0	0	0	0	0	0	0	0	0
YBL085W	0	0	0	0	0	0	0	0	0	0	0	0	0	0	0	0	0	0	0	2	0	0	0	0	0	0	0	0	0	0	0	0	0	0	0	0	0	0	0	0	0	0	0	0	0	0	0	0
YOL020W	0	0	0	0	0	0	0	0	0	0	0	0	0	0	0	1	0	0	0	0	0	0	0	0	0	0	0	0	0	0	0	0	0	0	0	0	0	0	0	0	0	0	0	0	0	0	0	0
YPL229W	0	0	0	0	0	0	0	0	0	0	0	0	0	0	0	0	0	0	0	0	0	1	0	0	0	0	0	0	0	0	0	0	0	0	0	0	0	0	0	0	0	0	0	0	0	0	0	0
YIL082W-A	0	0	0	0	0	0	0	0	0	0	0	0	2	0	0	1	0	0	2	0	0	2	3	0	26	5	1	18	2	12	6	3	6	2	1	1	0	0	0	0	0	0	0	0	0	0	0	0
YDL167C	0	0	0	0	0	0	0	0	0	0	0	0	0	0	0	0	0	0	0	0	0	0	0	0	0	0	0	0	0	0	0	0	0	1	0	0	0	0	0	0	0	0	0	0	0	0	0	0
YLR388W	1	0	0	0	0	0	1	2	1	8	0	0	4	22	3	72	3	4	14	2	40	18	50	19	330	45	9	108	12	187	10	3	25	1	0	3	0	0	1	0	0	0	0	0	0	0	0	0
YPL220W	1	0	1	4	5	4	51	21	24	79	32	98	165	202	82	522	115	167	299	189	619	1071	2255	356	24651	1047	887	8689	722	14643	3738	1633	4609	228	271	836	12	28	38	6	2	1	0	0	0	0	0	0
YBL109W	0	0	0	0	0	0	0	0	0	0	0	0	0	0	0	0	0	0	0	0	0	0	0	0	0	0	0	0	2	1	0	0	0	0	0	0	0	0	0	0	0	0	0	0	0	0	0	0
YDR445C	0	0	16	0	5	15	3	3	87	4	9	34	9	8	27	157	11	6	11	10	6	3	21	5	9	12	8	30	61	29	80	190	37	197	134	25	47	14	22	7	1	0	0	0	0	0	0	0
YJL191W	0	0	0	3	1	1	9	3	7	13	12	17	25	49	20	95	22	29	54	39	83	319	338	50	2961	144	150	1350	62	1623	424	125	395	43	28	97	7	3	7	1	0	0	0	0	0	0	0	0
YBL046W	0	0	0	0	0	0	0	0	0	0	0	0	0	0	0	0	0	0	0	0	0	0	0	0	0	0	0	0	0	1	0	0	0	0	0	0	0	0	0	0	0	0	0	0	0	0	0	0
YLR223C	0	0	0	0	0	0	0	1	0	0	0	0	0	0	0	0	0	0	0	0	0	0	0	0	0	0	0	0	0	0	0	0	0	0	0	0	0	0	0	0	0	0	0	0	0	0	0	0
YJL162C	0	0	0	0	0	0	0	0	0	0	0	1	0	1	0	0	0	0	1	0	0	0	0	1	0	0	1	0	0	0	0	0	0	0	0	0	0	0	0	0	0	0	0	0	0	0	0	0
YLR260W	0	0	0	0	0	0	0	0	0	0	0	0	0	0	0	0	0	0	0	0	0	2	0	0	8	0	0	0	0	2	0	0	0	0	0	0	0	0	0	0	0	0	0	0	0	0	0	0
YFL020C	0	0	0	0	0	0	0	0	0	0	0	0	0	0	0	0	0	0	0	0	0	0	0	0	1	0	0	1	0	1	0	1	0	0	0	0	0	0	0	0	0	0	0	0	0	0	0	0
YDL037C	0	0	0	0	0	0	0	0	0	0	0	0	0	0	0	0	0	0	0	0	0	0	10	0	0	2	0	0	0	0	0	0	0	0	0	0	0	0	0	0	0	0	0	0	0	0	0	0
YNR076W	0	0	0	0	0	0	0	0	0	0	0	0	0	0	0	0	0	0	0	0	0	0	0	0	5	0	0	4	0	1	0	0	1	0	0	0	0	0	0	0	0	0	0	0	0	0	0	0
YFR016C	0	0	0	0	0	0	0	0	0	0	0	0	2	2	2	0	0	2	0	0	2	8	13	4	100	0	6	17	0	50	9	11	6	4	0	2	0	0	0	0	0	0	0	0	0	0	0	0
YDR545W	0	0	0	1	0	1	0	2	1	4	5	8	13	6	10	26	6	6	25	10	37	76	156	37	1262	112	60	583	70	771	225	51	281	19	14	52	2	0	5	0	0	0	0	0	0	0	0	0
YLR450W	0	0	0	0	0	0	0	0	0	0	0	0	0	0	0	0	0	0	0	0	0	0	0	0	1	0	0	0	0	0	0	0	0	0	0	0	0	0	0	0	0	0	0	0	0	0	0	0
YKL164C	0	0	0	2	10	0	24	10	6	28	18	43	72	106	27	197	36	53	94	87	191	397	931	104	6646	331	250	1548	170	3625	806	254	885	56	34	275	6	1	12	0	2	0	0	0	0	0	0	0
YIR043C	0	0	0	0	0	0	0	0	1	3	0	2	0	3	2	5	2	4	8	1	9	11	19	13	209	20	10	107	12	107	26	8	70	0	0	18	0	0	0	0	0	0	0	0	0	0	0	0
YHL033C	0	1	1	7	0	1	35	9	8	57	11	36	95	88	44	214	47	72	177	79	199	502	764	131	8024	400	287	3316	208	4033	1088	248	1358	79	69	283	26	5	5	0	0	2	0	0	0	0	0	0
YDL081C	0	0	0	0	0	0	0	3	0	7	0	1	0	2	2	3	1	0	8	0	0	0	0	0	2	2	0	1	0	7	0	0	0	0	0	0	0	0	0	0	0	0	0	0	0	0	0	0
YIL095W	0	0	0	0	0	0	0	0	0	0	0	0	0	0	0	0	0	0	0	0	0	0	0	0	0	0	0	1	0	0	0	0	0	0	0	0	0	0	0	0	0	0	0	0	0	0	0	0
YDR155C	0	0	0	0	0	0	1	0	0	1	0	1	1	0	1	1	0	0	0	0	0	0	0	0	0	0	0	1	0	2	0	0	1	0	0	2	0	0	0	0	0	0	0	0	0	0	0	0
YNL268W	0	0	0	0	0	0	0	0	0	0	0	1	0	0	0	2	0	0	0	0	3	5	8	2	51	3	1	30	2	30	10	7	9	2	2	2	0	1	1	0	0	0	0	0	0	0	0	0
YGL181W	0	0	0	0	0	0	0	0	0	0	0	0	0	0	0	0	0	0	1	0	0	0	0	1	2	1	0	1	0	3	0	0	4	0	1	0	0	0	0	0	0	0	0	0	0	0	0	0
YKL032C	0	0	0	0	0	0	1	0	0	0	2	0	0	1	0	1	0	0	1	0	3	0	2	0	11	3	2	8	0	17	1	1	6	1	0	1	0	0	0	0	0	0	0	0	0	0	0	0
YGL013C	0	0	0	0	0	0	0	0	0	0	1	0	0	0	0	1	0	0	0	0	1	1	1	0	4	0	0	1	0	1	0	0	0	0	0	0	0	0	0	0	0	0	0	0	0	0	0	0
YMR070W	0	0	0	0	0	0	0	0	1	0	0	0	1	0	0	0	0	0	0	0	1	0	0	0	2	0	1	1	0	0	0	0	0	0	0	0	0	0	0	0	0	0	0	0	0	0	0	0
YJR162C	0	0	0	0	0	0	0	0	0	0	0	0	0	0	0	0	0	0	0	0	0	0	0	0	1	0	0	0	1	0	0	0	0	0	0	0	0	0	0	0	0	0	0	0	0	0	0	0
YLL043W	0	0	0	0	0	0	0	0	0	0	0	0	1	0	0	0	0	0	0	0	1	2	0	0	5	0	0	1	0	1	0	0	0	0	0	0	0	0	0	0	0	0	0	0	0	0	0	0
YPL009C	0	0	0	0	0	0	0	1	0	0	0	0	8	5	0	2	1	0	2	0	0	0	29	0	150	0	0	8	0	61	7	26	1	29	0	0	0	0	0	0	0	0	0	0	0	0	0	0
YKL163W	0	0	0	0	0	0	4	1	2	5	4	7	11	10	8	19	7	13	12	14	43	57	140	46	1155	81	86	495	40	1037	247	67	390	29	22	149	2	1	12	0	2	0	0	0	0	0	0	0
YBR301W	0	0	0	0	0	0	0	0	0	0	0	0	0	0	0	0	0	0	0	0	0	0	0	0	3	0	0	4	0	1	0	0	0	0	0	0	0	0	0	0	0	0	0	0	0	0	0	0
YBR084C-A	1	0	0	3	2	1	15	1	7	18	13	27	49	51	28	151	32	43	107	41	205	327	833	146	6781	370	209	1974	183	3641	667	117	671	41	15	136	3	0	8	0	1	0	0	0	0	0	0	0
YAR042W	0	0	0	0	0	0	0	0	0	0	0	0	0	0	0	0	0	0	0	0	0	0	0	0	0	0	0	1	1	0	0	0	0	1	0	0	0	0	1	0	0	0	0	0	0	0	0	0
YJL221C	0	0	0	0	0	0	0	0	0	0	0	1	1	0	0	0	0	0	2	0	1	1	1	0	26	3	0	9	3	14	10	1	6	1	0	1	0	0	0	0	0	0	0	0	0	0	0	0
YFL059W	0	0	0	0	0	0	0	0	0	0	0	0	0	0	0	1	0	1	1	1	1	0	5	1	57	5	3	26	1	35	9	5	6	0	0	1	0	0	0	0	0	0	0	0	0	0	0	0
YNL335W	0	0	0	0	0	0	0	0	0	0	0	0	0	0	0	0	0	0	0	0	0	0	0	0	1	1	1	2	0	2	0	0	1	0	0	0	0	0	0	0	0	0	0	0	0	0	0	0
YHR217C	0	0	0	0	0	0	0	0	0	0	0	0	0	0	0	0	0	0	0	0	0	0	0	0	0	0	0	0	2	1	0	0	0	0	0	0	0	0	0	0	0	0	0	0	0	0	0	0
YBL007C	0	0	0	0	0	0	0	0	0	0	0	2	2	2	0	2	0	0	4	0	0	0	0	0	0	0	0	0	0	0	0	0	0	0	0	0	0	0	0	0	0	0	0	0	0	0	0	0
YIL105C	1	0	0	0	0	0	1	0	0	0	2	0	0	1	0	1	1	0	0	0	2	0	3	1	17	5	2	12	1	21	3	1	11	1	0	1	1	0	1	0	0	0	0	0	0	0	0	0
YKL162C-A	0	0	0	0	0	0	0	0	0	0	2	2	0	0	1	0	0	0	0	1	1	4	0	2	0	0	48	0	1	0	0	0	1	0	0	0	0	0	0	0	0	0	0	0	0	0	0	0
YGR292W	0	0	0	0	1	0	0	0	0	1	0	0	0	0	0	0	0	0	0	0	0	0	2	0	11	1	1	5	0	7	0	0	2	0	0	0	0	0	0	0	0	0	0	0	0	0	0	0
YOL105C	0	0	0	0	0	0	0	0	0	0	0	0	0	0	0	0	0	0	0	0	0	0	0	0	5	0	0	0	0	2	0	0	0	0	0	0	0	0	0	0	0	0	0	0	0	0	0	0
YMR142C	1	0	0	4	1	0	8	3	5	35	7	15	37	51	27	132	34	33	99	31	132	187	499	66	4493	184	72	1226	96	2069	465	157	560	70	23	108	4	5	6	0	0	0	0	0	0	0	0	0
YBR212W	0	0	0	0	0	0	0	0	0	0	0	0	0	0	0	4	2	0	0	0	0	0	1	0	3	8	0	2	0	6	0	0	2	0	0	0	0	0	0	0	0	0	0	0	0	0	0	0
YDR150W	0	0	0	0	0	0	2	0	0	14	0	20	11	32	34	81	12	7	60	21	67	162	209	15	2678	111	85	919	45	1578	276	61	491	15	7	53	7	0	9	0	0	0	0	0	0	0	0	0
YDL182W	0	0	0	1	1	0	7	2	1	10	6	13	24	12	23	87	13	26	32	26	74	157	270	35	2841	141	92	1044	77	1472	399	111	429	31	15	74	1	1	5	0	0	0	0	0	0	0	0	0
YGR085C	0	1	0	4	4	2	25	6	12	69	22	56	151	147	64	324	84	121	206	121	363	883	1586	225	15554	725	633	5864	393	7029	2030	555	1903	136	118	342	5	17	10	1	1	1	0	0	0	0	0	0
YNL031C	0	0	0	3	3	0	8	3	11	20	7	23	38	39	18	73	30	42	65	24	108	203	459	74	3686	250	137	1589	143	2415	650	214	732	48	53	174	3	5	3	0	0	0	0	0	0	0	0	0
YIL169C	0	0	0	0	0	0	0	0	0	0	1	1	0	0	1	0	1	2	4	2	2	12	8	4	61	5	13	19	13	45	6	2	14	0	2	11	0	0	1	0	0	0	0	0	0	0	0	0
YDR225W	1	0	1	1	0	1	10	1	1	11	3	11	22	19	11	51	13	11	28	16	36	75	223	27	2043	61	45	515	34	895	183	38	188	20	4	52	2	2	0	0	0	1	0	0	0	0	0	0
YML034W	0	0	0	0	0	0	0	0	0	0	0	0	0	0	0	1	0	0	0	0	0	0	1	0	19	3	1	3	2	18	1	2	0	1	2	0	1	0	0	0	0	0	0	0	0	0	0	0
YNL134C	0	0	0	0	0	0	1	0	0	0	0	0	0	0	0	0	0	0	0	0	0	0	0	0	0	0	0	0	0	0	0	0	0	0	0	0	0	0	0	0	0	0	0	0	0	0	0	0
YMR011W	0	0	0	0	0	0	1	0	0	2	0	0	1	1	1	0	0	0	0	0	3	2	2	0	44	4	1	38	0	6	7	2	1	0	1	2	1	1	0	0	0	0	0	0	0	0	0	0
YIR039C	0	0	0	0	0	0	0	0	0	0	0	0	0	0	1	0	0	0	0	0	0	0	1	0	5	0	0	2	0	0	0	0	0	0	0	0	0	0	0	0	0	0	0	0	0	0	0	0
YGR014W	0	0	0	0	0	0	8	0	0	3	0	0	0	0	4	7	6	3	4	2	8	17	26	9	253	17	6	61	3	145	60	6	55	4	0	18	0	0	0	0	0	0	0	0	0	0	0	0
YMR273C	1	0	0	0	0	0	0	0	0	0	0	0	0	0	1	0	0	0	0	0	1	0	1	0	0	0	0	0	0	0	0	0	0	0	0	0	0	0	0	0	0	0	0	0	0	0	0	0
YGL135W	1	0	1	4	5	4	51	21	24	79	32	98	165	202	82	522	115	167	299	189	619	1071	2255	356	24651	1047	887	8689	722	14643	3738	1633	4609	228	271	836	12	28	38	6	2	1	0	0	0	0	0	0
YPR120C	0	0	0	0	0	0	0	0	0	1	0	0	0	1	0	0	2	0	0	0	0	0	0	0	0	0	0	0	0	0	0	0	0	0	0	0	0	0	0	0	0	0	0	0	0	0	0	0
YOL130W	0	0	0	0	0	0	0	0	0	0	0	0	0	0	0	1	0	0	0	0	0	0	0	0	5	0	1	2	0	2	2	0	1	0	0	1	0	0	0	0	0	0	0	0	0	0	0	0
YOL155C	0	0	0	0	0	0	1	0	0	0	0	2	0	0	1	5	0	3	5	4	2	17	11	6	169	9	13	56	3	139	22	5	44	2	0	15	0	0	1	0	0	0	0	0	0	0	0	0
YHR219W	0	0	0	0	0	0	0	0	0	2	2	3	4	4	3	6	1	3	3	1	14	22	42	12	366	19	28	135	22	230	56	17	77	3	5	8	0	0	2	0	0	0	0	0	0	0	0	0
YDL191W	1	0	2	7	5	2	27	13	9	105	16	68	110	128	83	234	99	83	280	99	329	797	1192	247	11862	653	656	4765	378	7266	1490	539	2265	94	118	296	11	2	6	0	0	0	0	0	0	0	0	0
YJL123C	0	0	0	0	0	0	0	0	0	0	0	0	0	0	0	0	0	0	0	0	0	0	1	0	2	0	0	0	0	1	0	0	0	0	0	0	0	0	0	0	0	0	0	0	0	0	0	0
YHR066W	0	0	1	1	0	0	0	0	0	2	2	1	5	0	2	4	1	1	5	1	8	15	23	2	201	7	11	60	6	101	16	3	23	0	1	6	0	0	0	0	0	0	0	0	0	0	0	0
YER060W	0	0	0	0	0	0	0	0	0	0	0	0	0	0	0	0	0	0	1	0	0	1	1	1	6	1	0	3	0	3	1	0	2	0	1	0	0	0	0	0	0	0	0	0	0	0	0	0
YAL065C	0	0	0	0	0	0	0	0	0	0	0	0	0	0	0	0	0	0	0	0	0	0	0	0	0	0	1	0	1	3	0	1	0	0	0	0	0	0	0	0	0	0	0	0	0	0	0	0
YOR010C	0	0	0	0	0	0	0	0	0	0	0	0	1	0	0	0	0	0	0	0	0	1	1	0	9	0	0	7	0	4	1	0	0	1	0	0	0	0	0	0	0	0	0	0	0	0	0	0
YLR287C-A	0	0	0	0	2	1	4	2	2	12	2	19	29	19	10	61	10	20	46	29	61	269	288	36	2714	145	107	1021	80	887	434	115	306	14	33	55	2	10	1	0	0	0	0	0	0	0	0	0
YMR164C	0	0	4	0	0	0	1	1	0	1	0	3	2	5	4	1	4	0	3	3	8	4	6	4	79	7	5	17	5	121	9	9	24	5	4	13	0	1	0	0	0	0	0	0	0	0	0	0
YOR388C	0	0	0	0	0	0	0	0	0	0	0	0	0	0	0	0	0	0	0	0	0	0	0	0	1	0	0	0	1	1	0	0	0	0	0	1	0	0	0	0	0	0	0	0	0	0	0	0
YCR104W	0	0	0	0	0	0	0	0	0	0	0	0	0	0	0	0	0	0	0	0	0	0	0	0	1	0	0	1	0	0	0	0	0	0	0	0	0	0	0	0	0	0	0	0	0	0	0	0
YMR322C	0	0	0	0	0	0	0	0	0	0	0	0	0	0	0	0	0	0	0	0	0	0	0	0	2	0	1	2	0	0	1	0	0	0	0	0	0	0	0	0	0	0	0	0	0	0	0	0
YDR040C	0	0	0	0	0	0	1	2	1	9	1	7	18	16	2	35	12	18	17	9	34	72	172	45	1440	78	64	596	52	893	221	61	261	7	6	53	0	2	3	0	0	0	0	0	0	0	0	0
YPL048W	0	0	0	0	0	0	1	0	0	0	0	0	5	2	1	8	0	2	7	1	0	14	10	1	260	7	0	75	1	33	7	4	47	2	1	2	0	0	0	0	0	0	0	0	0	0	0	0
YLL064C	0	0	0	0	0	0	0	0	0	0	0	0	0	0	0	0	0	0	0	0	0	0	0	0	5	0	0	4	0	1	0	0	1	0	0	0	0	0	0	0	0	0	0	0	0	0	0	0
YBR059C	0	0	0	0	0	0	0	0	0	0	0	0	0	0	0	0	0	0	0	0	0	0	0	0	0	0	0	1	0	0	0	0	0	0	0	0	0	0	0	0	0	0	0	0	0	0	0	0
YJL165C	0	0	0	0	0	0	0	1	0	0	0	0	0	1	0	0	0	0	0	0	0	0	0	0	0	0	0	0	0	0	0	0	0	0	0	0	0	0	0	0	0	0	0	0	0	0	0	0
YNL104C	0	0	0	0	0	0	1	0	0	1	2	1	0	1	0	10	1	0	2	0	5	4	17	3	172	6	5	52	2	48	15	3	19	1	0	2	0	0	0	0	0	0	0	0	0	0	0	0
YLR180W	0	0	0	0	2	0	0	1	1	3	2	7	8	17	2	31	11	4	23	7	32	19	135	13	1512	71	11	578	31	514	149	23	167	14	4	20	3	0	2	0	0	0	0	0	0	0	0	0
YPL190C	1	0	2	0	0	0	1	0	0	0	0	0	2	4	2	2	2	0	1	1	11	2	15	2	92	7	6	15	2	121	7	13	34	9	6	12	0	1	0	0	0	0	0	0	0	0	0	0
YMR242C	1	0	1	3	2	0	22	2	13	40	38	38	210	77	27	366	37	63	114	87	156	518	929	67	8331	444	190	2631	267	2361	1300	272	488	62	33	102	1	5	3	2	0	0	0	0	0	0	0	0
YNL112W	0	0	0	0	0	0	0	0	0	0	0	0	2	0	0	0	0	1	0	0	1	0	0	0	0	0	0	1	0	0	0	0	0	0	0	0	0	0	0	0	0	0	0	0	0	0	0	0
YEL043W	1	0	0	0	0	0	0	0	0	0	0	0	0	0	0	0	0	0	0	0	0	0	0	0	0	0	0	0	0	0	0	0	0	0	0	0	0	0	0	0	0	0	0	0	0	0	0	0
YLR403W	0	0	0	0	0	0	0	0	1	0	0	0	2	0	0	0	0	0	0	0	0	0	0	0	0	0	0	0	0	0	0	0	0	0	0	0	0	0	0	0	0	0	0	0	0	0	0	0
YIR023W	0	0	0	0	0	0	0	0	0	0	0	0	0	0	0	0	1	0	0	0	0	0	0	0	2	0	0	0	0	0	0	0	0	0	0	0	0	0	0	0	0	0	0	0	0	0	0	0
YGR143W	0	0	0	0	0	0	0	0	0	0	0	0	0	0	0	0	0	0	0	1	0	0	0	3	8	1	0	1	0	5	0	0	2	0	0	0	0	0	0	0	0	0	0	0	0	0	0	0
YAR050W	0	0	0	0	0	0	0	0	0	0	0	0	0	0	0	0	0	0	0	0	0	2	1	0	1	0	1	1	2	2	1	1	1	0	0	0	0	0	0	0	0	0	0	0	0	0	0	0
YOR267C	3	0	0	0	0	0	0	0	0	0	0	6	0	0	12	5	0	0	0	0	14	0	5	0	29	18	10	11	10	206	8	16	88	54	9	0	0	0	0	0	0	0	0	0	0	0	0	0
YLR095C	0	0	2	0	0	0	0	0	0	0	0	0	0	0	1	0	0	0	1	0	0	0	2	0	11	0	0	2	1	6	0	1	1	0	0	0	0	0	0	0	0	0	0	0	0	0	0	0
YHR044C	0	0	0	0	0	0	2	0	0	0	0	0	0	2	0	7	1	3	2	0	2	5	17	4	137	6	8	45	6	75	22	8	21	2	0	3	0	0	0	0	0	0	0	0	0	0	0	0
YHR056C	1	0	0	1	0	0	0	0	0	0	2	3	1	4	2	7	0	4	4	3	7	31	47	3	277	18	21	104	10	164	34	15	48	4	4	9	0	1	0	0	0	0	0	0	0	0	0	0
YER111C	0	0	1	0	0	0	0	0	0	0	0	0	0	0	3	0	0	0	0	0	0	0	0	0	0	0	0	0	0	0	0	0	1	0	0	0	0	0	0	0	0	0	0	0	0	0	0	0
YPL158C	0	0	0	0	0	0	0	0	0	0	0	0	0	2	0	0	0	0	0	0	0	2	0	0	20	1	0	1	0	6	2	0	0	1	0	0	0	0	0	0	0	0	0	0	0	0	0	0
YKR094C	0	0	1	5	6	2	25	11	14	51	16	52	77	66	35	244	36	50	211	73	196	346	1053	161	8915	579	329	3549	315	5100	1088	537	1345	79	71	265	25	9	13	0	0	9	0	1	0	0	0	0
YBL081W	0	0	0	0	0	0	0	0	1	0	0	0	2	4	0	0	0	2	0	3	0	7	3	0	14	3	24	2	37	12	6	31	0	3	1	4	0	0	0	0	0	0	0	0	0	0	0	0
YOL039W	0	0	0	0	0	1	4	4	1	22	3	4	9	21	18	25	9	9	41	5	29	26	130	36	1516	136	19	1113	19	644	116	97	210	10	9	1	0	0	0	1	0	0	0	0	0	0	0	0
YHR214W	0	0	0	0	0	0	0	0	0	0	0	1	0	0	0	0	0	0	0	0	0	0	1	0	22	1	1	5	0	12	2	2	4	0	0	1	0	0	0	0	0	0	0	0	0	0	0	0
YLR264W	0	0	0	0	0	0	0	0	0	1	1	3	0	4	1	6	2	1	10	1	18	4	49	9	339	24	6	287	10	81	61	2	64	1	1	1	1	0	0	0	0	0	0	0	0	0	0	0
YLR460C	0	0	0	0	0	0	0	0	0	0	1	0	0	0	0	1	0	0	0	0	0	4	3	0	25	0	2	14	0	25	1	2	13	0	0	2	0	0	0	0	0	0	0	0	0	0	0	0
YLR216C	0	0	0	0	0	0	0	0	0	0	0	0	1	0	0	0	0	0	0	0	0	0	0	0	0	0	0	1	0	0	0	0	0	0	0	0	0	0	0	0	0	0	0	0	0	0	0	0
YOR081C	0	0	0	0	0	0	0	0	0	0	0	0	0	0	0	0	0	0	0	0	0	0	0	0	0	1	0	0	0	0	0	0	0	0	0	0	0	0	0	0	0	0	0	0	0	0	0	0
YNL298W	0	0	0	0	0	0	0	0	0	0	0	0	0	0	0	2	1	0	0	0	0	0	0	0	2	0	0	1	0	6	0	0	2	0	0	0	0	0	0	0	0	0	0	0	0	0	0	0
YDR420W	0	0	0	0	0	0	1	0	0	0	0	9	0	12	0	0	12	0	20	0	7	9	8	4	261	27	8	137	15	204	26	0	59	0	0	26	0	0	0	0	0	0	0	0	0	0	0	0
YLR286C	0	0	0	2	0	0	0	0	0	0	0	0	0	0	0	0	0	2	0	0	2	4	8	0	94	0	0	0	0	0	0	0	0	0	0	0	0	0	0	0	0	0	0	0	0	0	0	0
YNL016W	0	0	0	0	0	0	0	2	0	1	0	1	0	3	0	2	0	0	3	3	5	3	8	4	61	5	3	20	0	17	3	0	5	0	0	2	0	0	0	0	0	0	0	0	0	0	0	0
YML113W	0	0	0	0	0	0	0	0	0	0	2	0	0	1	0	0	1	0	0	0	1	0	0	0	8	3	2	2	0	7	0	0	2	0	0	0	0	0	0	0	0	0	0	0	0	0	0	0
YDR436W	0	0	0	0	0	0	0	0	0	0	0	1	0	0	0	0	0	0	0	0	0	0	0	0	0	0	0	0	0	0	0	0	0	0	0	0	0	0	0	0	0	0	0	0	0	0	0	0
YHL011C	0	0	0	0	0	0	0	0	0	0	0	0	0	0	0	0	0	0	0	0	0	0	0	0	0	0	0	0	0	0	1	0	0	0	0	0	0	0	0	0	0	0	0	0	0	0	0	0
YFL061W	0	0	0	0	0	0	0	0	0	0	0	0	0	0	0	0	0	0	0	0	0	0	0	0	1	1	1	2	0	2	0	0	1	0	0	0	0	0	0	0	0	0	0	0	0	0	0	0
YKL117W	0	0	0	0	0	0	0	0	2	0	0	0	1	0	0	1	0	0	6	0	1	0	0	0	1	1	0	0	0	2	0	0	0	0	0	0	0	0	0	0	0	0	0	0	0	0	0	0
YLR330W	0	0	0	0	0	0	0	0	0	4	0	0	4	0	0	6	0	3	0	3	0	9	6	3	191	6	3	27	0	109	36	0	6	11	0	12	0	0	0	0	0	0	0	0	0	0	0	0
YOL157C	0	0	0	0	0	0	0	0	0	0	0	1	1	0	0	0	0	0	2	0	1	1	1	0	24	3	0	11	3	14	9	1	3	1	0	1	0	0	0	0	0	0	0	0	0	0	0	0
YNR072W	0	0	0	0	0	0	0	0	0	0	0	0	0	0	0	0	0	0	0	0	0	0	0	0	0	0	0	0	0	0	0	1	0	0	0	0	0	0	0	0	0	0	0	0	0	0	0	0
YOR310C	0	0	0	0	0	0	0	0	0	2	0	0	0	0	0	3	0	0	0	0	0	4	4	0	13	0	1	4	1	5	0	0	0	0	0	0	0	0	0	0	0	0	0	0	0	0	0	0
YHL009W-B	0	0	0	0	0	0	0	0	0	0	0	0	2	0	0	1	0	0	1	0	0	3	1	1	20	3	4	9	4	14	3	1	5	0	0	2	0	0	0	0	0	0	0	0	0	0	0	0
YHL009W-A	0	0	0	0	0	0	0	0	0	0	0	0	1	0	0	0	0	0	0	0	0	2	1	0	6	3	1	5	2	4	2	0	3	0	0	0	0	0	0	0	0	0	0	0	0	0	0	0
YJR160C	0	0	0	0	0	0	0	0	0	0	0	0	0	0	0	0	0	0	0	0	0	0	2	1	1	0	0	2	0	3	2	0	0	0	0	0	0	0	0	0	0	0	0	0	0	0	0	0
YPR159W	0	0	0	0	0	0	0	0	0	0	0	0	0	0	0	0	0	0	0	1	0	0	0	3	8	1	0	1	0	5	0	0	2	0	0	0	0	0	0	0	0	0	0	0	0	0	0	0
YPR148C	0	0	0	0	0	0	0	0	0	0	0	0	0	0	0	0	0	0	0	0	0	2	0	0	2	1	0	1	0	2	0	0	0	1	0	0	0	0	0	0	0	0	0	0	0	0	0	0
YMR303C	1	0	0	3	4	2	22	6	10	60	7	31	68	81	32	226	66	42	201	54	220	399	907	189	9510	516	302	4181	237	4999	1153	342	1598	103	112	257	7	11	25	1	0	0	0	0	0	1	0	0
YIL123W	0	0	0	0	0	0	1	0	0	0	0	0	0	0	0	1	0	0	0	0	1	0	0	0	1	0	0	0	0	1	0	0	0	0	0	0	0	0	0	0	0	0	0	0	0	0	0	0
YPL079W	0	0	0	1	4	0	13	3	3	21	13	22	76	55	35	161	41	41	111	60	174	304	892	96	6406	330	187	2097	170	2843	750	238	877	55	50	106	3	4	4	2	0	0	0	0	0	0	0	0
YOL052C-A	0	0	0	0	0	0	0	0	0	0	0	1	0	0	0	0	0	0	0	0	0	0	0	0	0	0	0	0	0	0	0	0	0	0	0	0	0	0	0	0	0	0	0	0	0	0	0	0
YAR066W	0	0	0	0	0	0	0	0	0	0	0	1	0	0	0	0	0	0	0	0	0	0	1	0	22	1	1	5	0	12	2	2	4	0	0	1	0	0	0	0	0	0	0	0	0	0	0	0
YKL157W	0	0	0	0	0	0	0	0	0	0	0	0	0	0	0	0	0	0	0	0	0	0	0	0	1	0	0	0	0	0	0	0	0	0	0	0	0	0	0	0	0	0	0	0	0	0	0	0
YAL005C	2	1	3	20	14	9	132	20	57	200	88	202	564	482	221	1362	290	383	837	428	1350	2887	5676	792	58143	2410	2205	19490	1532	31300	7802	2437	9010	637	517	1738	25	60	82	7	6	2	1	0	0	0	0	0
YMR121C	0	0	0	1	0	1	13	8	5	29	10	41	49	63	34	170	55	38	121	47	198	318	835	117	6565	405	215	2506	224	4087	854	262	1193	42	46	170	1	4	8	0	0	0	0	0	0	0	0	0
YMR186W	0	1	2	2	5	1	30	10	16	49	19	44	92	88	64	302	63	80	214	71	268	403	909	167	9520	446	336	3392	263	5099	1142	324	1624	85	75	270	3	6	18	0	0	0	2	0	0	0	0	0
YNL331C	0	0	0	0	0	0	0	0	0	0	0	0	0	0	0	1	0	0	0	0	0	0	0	0	1	0	0	2	0	1	1	0	0	0	0	0	0	0	0	0	0	0	0	0	0	0	0	0
YPL083C	0	0	0	0	0	0	1	0	0	0	0	0	2	0	0	0	0	0	0	0	0	0	0	0	0	0	0	0	0	0	0	0	0	0	0	0	0	0	0	0	0	0	0	0	0	0	0	0
YER099C	0	0	0	0	0	0	0	0	0	0	0	0	0	0	0	0	0	0	0	0	0	0	0	0	0	0	0	0	0	0	1	0	0	0	0	0	0	0	0	0	0	0	0	0	0	0	0	0
YDR304C	0	0	0	0	0	0	1	0	0	1	0	1	0	0	1	1	0	0	0	0	0	0	0	0	0	0	0	0	0	2	0	0	1	0	0	2	0	0	0	0	0	0	0	0	0	0	0	0
YJR156C	0	0	0	0	0	0	1	0	0	0	0	0	0	0	0	0	0	0	0	0	0	0	2	0	17	2	3	3	3	14	4	0	5	0	1	0	0	0	0	0	0	0	0	0	0	0	0	0
YOL165C	0	0	0	0	0	0	0	0	0	0	0	0	0	0	0	0	0	0	0	0	0	0	0	0	0	0	0	0	0	2	0	0	0	0	0	0	0	0	0	0	0	0	0	0	0	0	0	0
YMR207C	0	0	0	0	0	0	0	0	0	0	0	0	0	0	0	1	0	0	0	0	0	0	0	0	0	0	0	0	0	0	0	0	0	0	0	0	0	0	0	0	0	0	0	0	0	0	0	0
YCR107W	0	0	0	0	0	0	0	0	0	0	0	0	0	0	0	1	0	0	0	0	0	0	0	0	1	0	0	1	0	2	1	0	0	0	0	0	0	0	0	0	0	0	0	0	0	0	0	0
YKR089C	0	0	0	0	0	0	0	0	0	0	0	0	0	0	0	0	0	0	0	0	0	0	0	0	0	1	0	0	0	0	0	0	0	0	0	0	0	0	0	0	0	0	0	0	0	0	0	0
YKR072C	0	0	0	0	0	0	0	0	0	0	0	0	0	0	0	0	0	0	6	0	0	0	0	0	50	0	0	0	0	14	1	13	0	0	0	0	0	0	0	0	0	0	0	0	0	0	0	0
YDL014W	0	0	0	0	0	0	0	0	0	0	0	4	6	10	0	16	4	0	12	2	18	6	70	8	586	28	0	192	4	112	16	10	24	2	0	0	0	0	2	0	0	0	0	0	0	0	0	0
YJL020C	0	0	0	0	0	3	0	0	0	0	0	1	2	2	0	0	0	0	2	0	0	2	6	0	26	2	2	6	0	8	12	0	2	0	0	2	0	0	0	0	0	0	0	0	0	0	0	0
YIR006C	0	0	0	0	0	0	2	1	0	1	0	0	0	2	0	4	3	0	5	2	7	17	14	4	156	13	2	41	4	126	17	6	27	0	3	12	0	0	0	0	0	0	0	0	0	0	0	0
YHR054W-A	0	0	0	0	0	0	0	0	0	1	0	0	1	0	0	1	0	0	0	0	1	2	4	0	17	2	1	8	1	11	4	0	9	0	0	2	0	0	0	0	0	0	0	0	0	0	0	0
YCR024C-A	0	0	1	0	0	0	1	1	2	6	0	3	15	5	5	17	4	8	30	5	21	40	69	21	418	101	67	371	42	245	28	32	125	2	6	4	0	0	0	0	0	0	0	0	0	0	0	0
YNL042W-B	9	1	472	6	2	2105	18	17	465	122	1	17	14	1	9	24	12	3	56	2	21	4	5	52	8	20	32	18	0	449	2	3	723	2	5	50	4	1	8	1	1	6	1	0	0	0	0	0
YPL146C	0	0	0	0	0	0	0	0	0	0	0	0	1	2	0	0	0	0	0	0	0	0	0	0	6	0	0	0	0	1	0	0	0	0	0	0	0	0	0	0	0	0	0	0	0	0	0	0
YER075C	0	0	0	0	0	0	1	0	0	0	0	0	0	0	0	0	0	0	0	0	0	0	0	0	2	0	0	0	0	0	0	0	0	0	0	0	0	0	0	0	0	0	0	0	0	0	0	0
YHR094C	0	0	0	0	0	0	4	1	2	9	1	3	7	8	7	21	10	3	27	2	19	11	75	10	599	32	15	299	13	272	70	17	91	3	6	17	1	2	1	0	0	0	0	0	0	0	0	0
YML010W	0	0	0	0	0	0	0	0	0	0	0	0	0	2	0	0	0	0	1	0	0	0	2	1	11	0	0	0	0	0	0	0	0	0	0	0	0	0	0	0	0	0	0	0	0	0	0	0
YNL332W	0	0	0	0	0	0	1	0	0	0	0	0	0	0	0	0	0	0	0	0	1	0	3	0	17	2	3	3	3	13	2	0	4	0	1	0	0	0	0	0	0	0	0	0	0	0	0	0
YHR161C	0	0	0	0	0	0	0	0	0	0	0	0	0	2	0	0	2	0	3	0	0	2	0	0	2	0	0	5	2	6	0	0	0	0	0	0	0	0	0	0	0	0	0	0	0	0	0	0
YNR065C	0	0	0	0	0	0	1	0	1	0	0	1	0	0	0	4	0	0	1	0	3	3	2	1	59	5	4	36	1	27	7	1	11	1	2	1	0	0	0	0	0	0	0	0	0	0	0	0
YBR067C	0	0	0	0	0	0	0	0	0	0	0	0	0	0	0	0	0	0	0	4	0	2	0	0	0	0	0	0	0	0	0	0	0	0	0	0	0	0	0	0	0	0	0	0	0	0	0	0
YGR138C	0	0	0	0	0	1	3	0	2	2	1	2	4	3	2	13	1	6	8	3	16	23	56	15	526	26	16	179	26	298	79	9	99	3	1	18	0	0	4	0	0	0	0	0	0	0	0	0
YJR086W	0	0	1	0	0	0	0	0	0	0	0	0	0	0	0	0	0	0	0	0	0	0	0	0	0	0	0	0	0	0	0	0	0	0	0	0	0	0	0	0	0	0	0	0	0	0	0	0
YFL024C	0	0	0	0	0	0	0	0	0	0	0	1	0	0	0	1	0	0	0	0	0	0	0	0	2	1	2	1	0	1	0	0	0	0	0	0	0	0	0	0	0	0	0	0	0	0	0	0
YER074W	2	0	2	2	3	1	26	4	10	56	9	44	66	111	57	243	61	54	162	74	292	594	1072	181	12325	464	309	4466	241	5836	1275	504	1706	99	73	208	7	5	9	0	0	0	0	0	0	0	0	0
YIL173W	0	0	0	0	0	0	1	0	1	2	0	1	0	2	2	8	1	3	3	1	10	18	14	2	199	17	11	79	5	127	23	8	36	1	2	5	0	0	0	0	0	0	0	0	0	0	0	0
YLR467W	0	0	0	1	0	1	0	2	1	4	5	8	13	6	10	26	6	6	25	10	37	76	157	37	1256	113	60	583	70	770	227	51	280	19	14	53	2	0	5	0	0	0	0	0	0	0	0	0
YDR366C	0	0	0	0	0	0	0	0	0	0	0	0	0	0	0	2	0	1	0	1	1	0	0	0	2	3	1	5	3	0	5	2	0	0	0	1	0	0	0	0	0	0	0	0	0	0	0	0
YIL130W	0	0	0	0	0	0	1	0	0	0	0	1	1	0	0	0	0	0	0	0	0	2	1	0	7	0	0	0	1	0	0	1	0	1	1	0	0	0	0	0	0	0	0	0	0	0	0	0
YER056C-A	0	0	0	4	1	0	14	2	4	22	5	15	32	37	19	109	23	13	77	28	121	141	590	89	4876	252	107	1613	132	1304	703	79	395	22	11	37	0	1	1	0	0	0	0	0	0	0	0	0
YGR192C	4	5	10	45	45	17	307	116	161	608	215	651	1460	1264	643	3621	932	1073	2725	1285	3378	10163	15042	2282	162499	7618	6115	65731	4064	78979	23147	5199	25491	1934	1437	4928	145	161	202	3	17	6	0	0	0	0	0	0
YJL158C	0	0	0	0	0	0	6	2	1	13	1	10	5	20	10	60	11	9	53	11	45	53	185	38	1241	156	47	561	72	851	216	42	356	17	8	67	0	1	0	0	0	0	0	0	0	0	0	0
YPR074C	0	0	0	0	0	0	0	0	0	0	0	0	0	0	0	0	0	0	0	0	0	0	0	0	1	0	0	0	0	0	0	0	0	0	0	0	0	0	0	0	0	0	0	0	0	0	0	0
YCL073C	0	0	0	0	0	0	0	0	0	0	0	0	0	0	0	0	0	0	0	0	0	0	1	0	5	0	0	1	0	3	0	0	0	0	0	1	0	0	0	0	0	0	0	0	0	0	0	0
YOR156C	0	0	0	0	0	0	0	0	0	0	0	0	0	0	0	0	0	0	0	0	0	0	0	0	0	0	0	0	0	0	1	0	0	0	0	0	0	0	0	0	0	0	0	0	0	0	0	0
YAR071W	0	0	0	0	0	0	1	0	0	0	0	0	0	2	1	3	1	2	3	2	4	8	16	4	115	6	2	36	1	47	10	5	14	2	0	1	0	0	0	0	0	0	0	0	0	0	0	0
YKL081W	0	0	0	0	0	0	1	0	0	0	0	0	5	2	1	8	0	2	7	1	0	14	10	1	260	7	0	75	1	33	7	4	47	2	1	2	0	0	0	0	0	0	0	0	0	0	0	0
YER064C	0	0	0	0	0	0	1	0	0	0	0	0	0	0	0	0	0	0	0	0	0	0	0	0	0	0	0	0	0	0	0	0	0	0	0	0	0	0	0	0	0	0	0	0	0	0	0	0
YKL219W	0	0	0	0	0	0	1	0	0	1	0	0	2	0	0	1	0	0	1	0	2	0	5	0	38	2	0	15	1	16	1	1	6	0	0	1	0	0	0	0	0	0	0	0	0	0	0	0
YPR002C-A	0	0	0	0	0	0	0	0	0	1	0	0	0	0	0	0	0	1	0	0	0	1	2	3	3	11	3	6	3	2	8	1	3	1	0	1	0	0	0	0	0	0	0	0	0	0	0	0
YDL244W	0	0	0	0	0	0	1	0	0	0	0	0	0	0	0	0	0	0	0	0	1	0	2	0	13	2	3	2	2	10	4	0	3	0	1	0	0	0	0	0	0	0	0	0	0	0	0	0
YLL021W	0	0	0	0	0	0	0	0	0	0	0	0	0	0	0	0	0	0	0	2	0	0	0	0	2	0	0	0	0	0	0	0	0	0	0	0	0	0	0	0	0	0	0	0	0	0	0	0
YFL033C	0	0	0	0	0	0	0	0	0	0	0	1	0	0	0	0	0	0	0	0	0	2	1	0	5	0	0	0	0	0	0	0	0	1	0	0	0	0	0	0	0	0	0	0	0	0	0	0
YDL229W	2	1	4	8	7	5	88	23	42	152	67	165	390	374	171	1062	214	297	652	281	1279	1954	4891	669	46463	2001	1441	15327	1201	26473	6143	1564	7199	390	278	1211	24	33	25	3	2	1	0	0	0	0	0	0
YER033C	0	0	0	0	0	0	0	0	0	0	0	0	0	0	0	0	0	0	0	0	0	0	0	0	0	0	0	0	0	3	0	0	0	0	0	0	0	0	0	0	0	0	0	0	0	0	0	0
YJL098W	0	0	0	0	0	0	0	0	0	0	0	0	0	0	0	2	1	0	0	0	0	0	0	0	1	0	0	0	0	0	0	0	0	0	0	0	0	0	0	0	0	0	0	0	0	0	0	0
YPR156C	0	0	0	0	0	1	3	0	2	2	1	2	4	3	2	13	1	6	8	3	16	23	56	15	526	26	16	179	26	298	79	9	99	3	1	18	0	0	4	0	0	0	0	0	0	0	0	0
YLR451W	0	0	0	0	0	0	1	0	0	0	0	0	0	0	0	0	0	0	0	0	0	0	0	0	0	0	0	0	0	0	0	0	0	0	0	0	0	0	0	0	0	0	0	0	0	0	0	0
YNR047W	0	0	0	0	0	0	0	0	0	0	0	0	0	0	0	0	0	0	0	0	1	0	0	0	1	0	0	1	0	0	0	0	0	0	0	0	0	0	0	0	0	0	0	0	0	0	0	0
YJL222W	0	0	0	0	0	0	1	0	1	2	0	1	0	2	2	8	1	3	3	1	10	18	14	2	199	17	11	79	5	127	23	8	36	1	2	5	0	0	0	0	0	0	0	0	0	0	0	0
YDR154C	0	0	0	0	0	0	0	0	1	0	1	1	0	1	1	0	0	1	0	0	0	0	0	0	0	0	0	0	2	1	0	1	0	0	2	0	0	0	0	0	0	0	0	0	0	0	0	0
YLR333C	0	0	0	2	1	0	1	0	4	4	2	5	6	3	5	13	3	7	15	1	27	52	41	7	481	33	14	159	2	206	64	23	33	1	1	7	0	0	0	0	0	0	0	0	0	0	0	0
YLR432W	0	0	0	3	1	1	7	2	2	11	7	15	37	22	19	80	12	22	31	25	87	175	269	52	2667	146	123	906	97	1360	368	116	374	26	14	82	0	3	3	0	1	1	0	0	0	0	0	0
YNR077C	0	0	0	0	0	0	0	0	0	0	0	0	0	0	0	0	0	0	0	0	0	0	0	0	1	0	0	0	0	0	0	0	0	0	0	0	0	0	0	0	0	0	0	0	0	0	0	0
YIL060W	0	0	0	0	0	0	0	0	0	0	1	1	0	0	0	1	0	0	0	0	0	0	0	1	11	0	3	6	0	9	2	1	4	0	0	0	0	0	0	0	0	0	0	0	0	0	0	0
YHR183W	0	0	0	0	0	0	0	0	0	0	0	0	0	0	0	0	0	0	0	0	0	0	0	0	0	0	0	0	0	1	0	0	1	0	0	0	0	0	0	0	0	0	0	0	0	0	0	0
YJL138C	1	0	3	8	6	2	68	13	37	93	46	101	255	250	108	603	153	188	412	218	630	1528	2672	380	26740	1247	1166	9935	729	13380	4003	875	4224	268	166	911	18	23	29	2	0	1	1	0	0	0	0	0
YAR028W	0	0	0	0	0	0	0	0	0	0	0	0	0	0	0	0	0	0	1	0	0	0	0	0	4	1	0	1	1	2	0	0	1	0	0	0	0	0	0	0	0	0	0	0	0	0	0	0
YCR018C-A	0	0	0	0	0	0	0	0	0	0	0	0	0	0	0	1	0	1	2	0	1	2	2	2	8	8	3	16	4	10	4	1	5	2	0	1	0	0	0	0	0	0	0	0	0	0	0	0
YAR053W	0	0	0	0	0	0	0	0	0	0	0	0	0	0	0	0	0	0	0	0	0	0	0	0	1	0	0	0	0	0	0	0	0	0	0	0	0	0	0	0	0	0	0	0	0	0	0	0
YPR102C	0	1	0	4	4	2	25	6	12	69	22	56	151	147	64	324	84	121	206	121	363	883	1586	225	15554	725	633	5864	393	7029	2030	555	1903	136	118	342	5	17	10	1	1	1	0	0	0	0	0	0
YNL334C	0	0	0	0	0	0	0	0	0	0	0	0	0	0	0	1	0	0	0	1	0	2	2	0	16	1	3	5	1	6	2	1	2	0	0	0	0	0	0	0	0	0	0	0	0	0	0	0
YBR010W	0	0	0	3	3	0	8	3	11	20	7	23	38	39	18	73	30	42	65	24	108	203	459	74	3687	249	137	1589	143	2415	650	214	732	48	53	174	3	5	3	0	0	0	0	0	0	0	0	0
YPL090C	0	0	0	8	10	1	51	10	18	103	38	114	217	236	110	581	151	183	430	275	691	1423	3179	400	27239	1468	1124	10243	876	13844	3711	1003	4140	232	220	644	14	22	40	0	1	0	1	0	0	0	0	0
YBR302C	0	0	0	0	1	1	1	0	2	11	1	7	10	14	20	23	23	10	30	22	30	46	104	28	935	84	60	493	54	563	177	44	288	8	12	66	1	0	0	0	0	0	0	0	0	0	0	0
YAR033W	0	0	0	0	0	0	0	0	0	0	0	0	2	0	0	4	2	0	1	2	2	4	7	2	55	4	4	16	4	44	8	4	15	1	1	1	0	0	0	0	0	0	0	0	0	0	0	0
YPL016W	0	0	0	0	0	0	1	0	1	0	0	0	0	0	0	0	0	0	0	0	0	1	0	0	0	0	0	0	0	0	0	0	0	0	0	0	0	0	0	0	0	0	0	0	0	0	0	0
YGR214W	0	0	0	2	1	1	11	4	4	30	4	24	29	20	18	85	25	20	45	25	79	145	334	53	3197	181	88	1049	54	1235	227	54	379	20	20	52	3	3	1	0	0	0	0	0	0	0	0	0
YDR054C	0	0	0	0	0	0	0	0	0	0	0	0	0	0	0	1	0	0	0	0	0	0	0	0	0	0	0	0	0	0	0	0	0	0	0	0	0	0	0	0	0	0	0	0	0	0	0	0
YKR015C	0	0	0	0	0	0	0	1	0	0	0	0	0	0	0	0	0	0	0	0	0	0	0	0	0	0	0	0	0	0	0	0	0	0	0	0	0	0	0	0	0	0	0	0	0	0	0	0
YPL106C	0	0	0	0	0	0	1	0	0	0	0	0	0	0	0	0	0	0	0	0	0	0	0	0	1	0	0	0	0	1	0	1	0	0	0	0	0	0	0	0	0	0	0	0	0	0	0	0
YML065W	0	0	0	0	0	0	0	0	0	0	0	1	0	0	0	1	0	0	2	0	3	0	2	1	0	2	0	0	0	0	0	0	0	0	0	0	0	0	0	0	0	0	0	0	0	0	0	0
YLL013C	0	0	0	0	0	0	1	0	0	0	0	0	0	0	0	0	0	0	1	0	0	1	0	0	7	0	0	1	0	0	0	0	1	0	0	0	0	0	0	0	0	0	0	0	0	0	0	0
YMR109W	0	0	0	0	0	0	0	0	0	0	0	0	0	1	0	1	0	0	0	0	0	0	0	0	3	0	0	0	0	2	1	0	1	0	0	0	0	0	0	0	0	0	0	0	0	0	0	0
YLR334C	0	0	0	0	0	0	0	0	0	0	0	0	0	0	0	0	0	0	0	0	0	0	0	0	1	0	0	0	0	0	0	0	0	0	0	0	0	0	0	0	0	0	0	0	0	0	0	0
YDL126C	0	0	0	0	0	0	0	0	0	0	0	0	0	3	0	1	3	0	0	0	0	0	0	0	0	0	0	0	0	0	0	0	0	0	0	0	0	0	0	0	0	0	0	0	0	0	0	0
YDR228C	0	0	0	0	0	0	0	1	0	0	2	0	0	1	0	0	0	0	0	0	0	0	0	0	2	2	1	1	0	2	0	0	1	0	0	0	0	0	0	0	0	0	0	0	0	0	0	0
YLR114C	0	0	0	0	0	0	0	0	0	0	0	0	0	0	0	2	0	0	0	0	0	3	0	0	14	0	0	4	0	8	2	0	0	0	0	0	0	0	0	0	0	0	0	0	0	0	0	0
YGR124W	0	0	0	0	0	0	0	0	0	0	2	3	10	3	2	21	3	5	8	4	10	49	77	9	702	12	24	216	20	381	122	35	94	4	5	22	2	0	0	0	0	0	0	0	0	0	0	0
YBR017C	0	0	0	0	0	0	0	0	0	0	0	0	0	0	0	0	0	0	0	0	0	0	0	0	1	0	0	0	0	0	0	0	0	0	0	0	0	0	0	0	0	0	0	0	0	0	0	0
YBL017C	0	0	0	0	0	0	0	0	0	0	0	1	0	0	0	2	0	0	0	0	0	3	0	1	23	1	1	18	0	8	2	0	5	0	0	0	0	0	0	0	0	0	0	0	0	0	0	0
YLR141W	0	0	0	0	0	0	0	0	0	0	0	0	0	0	0	0	0	0	0	0	0	0	0	0	0	2	0	2	0	0	0	0	0	0	0	0	0	0	0	0	0	0	0	0	0	0	0	0
YMR317W	0	0	0	0	0	0	0	0	0	0	0	0	0	0	0	0	0	0	0	4	0	2	0	0	0	0	0	0	0	0	0	0	0	0	0	0	0	0	0	0	0	0	0	0	0	0	0	0
YER133W	0	0	0	0	0	0	0	0	0	0	0	1	0	0	0	0	0	0	0	0	0	0	0	0	0	0	0	0	0	0	0	0	0	0	0	0	0	0	0	0	0	0	0	0	0	0	0	0
YER158C	0	0	0	0	0	0	0	0	0	0	0	0	0	0	0	0	0	0	0	0	0	0	0	0	2	0	0	0	0	0	0	0	0	0	0	0	0	0	0	0	0	0	0	0	0	0	0	0
YDL161W	0	0	0	0	0	0	1	0	0	0	0	0	0	1	0	0	0	0	0	0	0	0	0	1	0	0	0	0	0	0	0	0	0	0	0	0	0	0	0	0	0	0	0	0	0	0	0	0
YJR048W	0	0	0	0	0	0	0	0	0	0	0	0	0	1	0	2	1	0	0	0	0	2	1	1	21	0	3	7	2	17	2	1	1	0	0	1	0	0	0	0	0	0	0	0	0	0	0	0
YBR092C	0	0	0	0	0	0	2	1	1	3	2	3	7	14	5	26	9	2	5	9	25	41	61	13	684	40	28	221	12	307	62	18	74	12	7	13	1	1	0	0	0	0	0	0	0	0	0	0
YMR325W	0	0	0	0	0	0	0	0	0	0	0	0	0	0	0	0	0	0	0	0	0	0	0	0	0	0	0	2	0	0	0	0	0	0	0	0	0	0	0	0	0	0	0	0	0	0	0	0
YMR173W	0	0	3	10	5	0	12	7	2	35	2	24	87	84	25	220	25	38	80	44	187	550	872	65	8225	400	155	2348	165	3771	773	270	1081	133	56	152	0	5	11	0	0	0	0	0	0	0	0	0
YOR393W	0	0	0	0	0	0	0	0	0	0	0	0	0	0	0	1	0	0	0	0	0	1	0	1	0	0	0	2	0	4	1	0	0	0	0	0	0	0	0	0	0	0	0	0	0	0	0	0
YNL161W	0	0	0	0	0	0	0	0	0	0	0	0	0	2	0	0	0	0	0	0	0	0	1	0	1	0	0	0	0	0	0	0	0	0	0	0	0	0	0	0	0	0	0	0	0	0	0	0
YBR068C	0	0	0	0	1	0	0	0	0	0	0	0	0	0	0	0	0	0	0	0	0	0	0	0	0	0	0	0	0	0	0	0	0	0	0	0	0	0	0	0	0	0	0	0	0	0	0	0
YOR204W	0	0	0	0	0	0	0	0	0	0	0	0	0	0	0	0	0	0	0	0	1	0	0	0	0	0	0	1	0	0	0	0	0	0	0	0	0	0	0	0	0	0	0	0	0	0	0	0
YPR043W	0	0	0	0	0	0	2	0	0	2	0	10	4	4	2	22	9	10	3	6	23	31	99	12	585	33	23	104	22	550	45	13	73	4	2	10	0	0	0	0	0	0	0	0	0	0	0	0
YPL198W	5	0	0	6	3	2	47	14	26	81	24	85	228	149	96	445	115	196	398	180	586	1414	2292	353	20948	1075	992	8133	636	11078	3361	706	3975	242	183	685	27	20	37	2	0	2	0	0	0	0	1	0
YDR382W	0	0	0	0	0	1	0	0	0	5	1	1	1	7	12	4	6	5	10	1	5	2	19	8	113	10	3	19	0	167	0	1	9	0	0	0	0	0	0	0	0	0	0	0	0	0	0	0
YGR294W	0	0	0	0	0	0	0	0	0	0	0	0	0	0	0	0	0	0	0	0	0	0	0	0	3	0	0	4	0	2	0	0	1	0	0	0	0	0	0	0	0	0	0	0	0	0	0	0
YOL161C	0	0	0	0	0	0	0	0	0	0	0	0	0	0	0	0	0	0	0	0	0	0	0	0	3	0	0	2	0	0	0	0	1	0	0	0	0	0	0	0	0	0	0	0	0	0	0	0
YGR254W	3	3	6	27	33	12	240	76	128	495	184	470	1271	1056	563	3013	681	925	2136	957	3550	6207	14688	1933	136443	5790	4102	47765	3312	71988	16941	5083	21674	1771	1140	4353	98	138	161	7	18	6	0	0	0	0	0	0
YEL040W	0	0	0	0	0	0	0	0	0	0	0	0	0	0	0	0	0	0	0	0	0	0	0	0	0	0	0	0	0	1	0	0	2	0	0	0	0	0	0	0	0	0	0	0	0	0	0	0
YOR113W	0	0	0	0	0	0	0	0	0	0	0	0	0	2	0	1	0	0	0	0	1	1	1	0	6	1	0	2	0	2	0	0	0	0	0	0	0	0	0	0	0	0	0	0	0	0	0	0
YML053C	0	0	0	0	0	0	0	0	0	0	0	0	1	0	0	0	0	0	0	0	0	1	0	0	4	0	0	0	0	0	0	0	0	1	0	0	0	0	0	0	0	0	0	0	0	0	0	0
YER188C-A	0	0	0	0	0	0	0	0	0	0	0	0	0	0	0	0	0	0	0	0	0	0	0	0	1	0	1	0	0	0	0	0	0	1	0	0	0	0	0	0	0	0	0	0	0	0	0	0
YPL226W	0	0	0	0	0	0	0	0	0	0	0	1	0	0	0	0	0	0	0	0	0	0	0	0	0	0	0	0	0	0	0	0	0	0	0	0	0	0	0	0	0	0	0	0	0	0	0	0
YOR234C	0	1	0	2	0	0	8	0	1	4	1	6	12	7	8	10	7	2	19	2	17	40	123	13	1087	56	11	266	11	275	49	6	56	1	0	1	0	0	0	0	0	0	0	0	0	0	0	0
YGR293C	0	0	0	0	0	0	0	0	0	0	0	0	0	0	0	0	0	0	0	0	0	0	0	0	0	0	0	0	0	1	1	0	0	0	0	0	0	0	0	0	0	0	0	0	0	0	0	0
YOL051W	0	0	0	0	0	0	0	1	0	0	0	1	0	1	2	1	0	0	5	0	6	6	12	4	49	5	0	12	6	16	6	5	13	0	3	5	0	0	0	0	0	0	0	0	0	0	0	0
YLR160C	0	0	0	0	0	0	0	0	0	0	0	0	1	0	1	1	2	3	3	3	3	7	4	3	22	28	2	39	17	17	20	10	7	3	0	2	0	0	1	0	0	0	0	0	0	0	0	0
YNR044W	0	0	0	0	0	0	0	0	0	0	0	0	0	2	0	2	0	0	0	3	2	2	2	4	36	2	6	12	4	37	2	10	14	4	0	4	0	0	0	0	0	0	0	0	0	0	0	0
YBR289W	0	0	0	0	0	0	1	1	0	1	2	3	0	3	4	5	2	0	1	0	6	1	1	2	29	7	4	9	1	18	6	2	3	0	1	2	1	0	0	0	0	0	0	0	0	0	0	0
YHR030C	0	0	1	0	0	0	0	1	0	0	0	0	0	0	0	0	1	0	1	0	0	1	0	0	7	1	0	2	0	5	2	0	0	0	0	0	0	0	0	0	0	0	0	0	0	0	0	0
YBL084C	0	0	0	0	0	0	0	0	0	0	0	1	0	0	0	0	0	0	0	0	0	0	1	0	4	0	0	0	3	0	4	0	0	2	0	0	0	0	0	0	0	0	0	0	0	0	0	0
YNL270C	0	0	0	0	0	0	0	0	0	0	0	1	0	0	0	2	0	0	0	0	3	5	8	2	51	3	1	30	2	30	10	7	9	2	2	2	0	1	1	0	0	0	0	0	0	0	0	0
YJL079C	0	0	0	0	0	0	0	0	0	0	0	0	0	0	0	0	0	0	1	0	0	0	0	0	0	0	0	0	0	0	0	0	0	0	0	0	0	0	0	0	0	0	0	0	0	0	0	0
YIL011W	0	0	0	0	0	0	0	0	0	0	0	0	0	0	0	0	0	0	0	0	0	0	0	5	11	0	0	0	0	4	0	0	0	0	0	0	0	0	0	0	0	0	0	0	0	0	0	0
YEL034W	0	0	0	0	0	0	2	0	2	5	1	14	14	18	9	34	17	11	22	14	62	66	243	45	1358	88	134	450	45	1086	139	138	214	6	20	54	0	2	0	0	0	0	0	0	0	0	0	0
YHL001W	0	0	2	3	2	0	19	9	16	40	12	51	91	93	49	216	50	99	163	86	298	409	1320	197	9239	468	382	3226	345	6284	1401	373	1365	68	68	301	4	11	9	1	0	1	0	0	0	0	0	0
YGL167C	0	0	0	0	0	0	1	0	0	0	0	0	0	0	0	0	0	0	0	0	0	0	0	0	0	0	0	0	0	0	0	0	0	0	0	0	0	0	0	0	0	0	0	0	0	0	0	0
YOR373W	0	0	0	0	0	0	0	0	0	0	0	1	0	0	0	0	0	0	1	0	0	0	1	0	3	0	0	0	0	0	0	0	0	1	0	0	0	0	0	0	0	0	0	0	0	0	0	0
YDR134C	0	0	0	0	0	0	0	0	0	1	0	0	0	0	0	0	0	0	0	0	0	0	5	0	11	1	0	3	0	5	4	0	1	0	0	1	0	0	0	0	0	0	0	0	0	0	0	0
YDL012C	0	0	0	0	0	0	0	0	0	0	0	0	0	0	0	0	0	0	0	0	0	0	0	0	1	0	0	0	0	0	0	0	0	0	0	0	0	0	0	0	0	0	0	0	0	0	0	0
YPR196W	0	0	0	0	0	0	0	0	0	2	0	0	0	0	0	0	0	0	1	0	0	0	2	0	6	1	0	2	0	2	1	0	1	0	0	1	0	0	0	0	0	0	0	0	0	0	0	0
YLR463C	0	0	0	0	0	0	0	0	0	0	0	0	0	0	0	0	0	0	0	0	0	0	0	0	0	0	0	0	1	0	0	0	0	0	0	0	0	0	0	0	0	0	0	0	0	0	0	0
YJL190C	0	0	0	2	1	0	6	3	0	13	0	7	8	4	3	23	8	3	20	9	14	40	34	12	568	28	13	457	10	112	82	4	12	2	0	1	0	0	0	0	0	0	0	0	0	0	0	0
YNL058C	0	0	0	0	0	0	0	0	0	0	0	0	0	0	0	0	0	0	0	0	0	0	0	0	1	0	0	0	0	0	0	0	0	0	0	0	0	0	0	0	0	0	0	0	0	0	0	0
YLL025W	0	0	0	0	0	0	0	0	0	0	0	0	0	0	0	0	0	0	0	0	0	0	0	0	5	0	0	1	0	3	0	0	1	0	0	0	0	0	0	0	0	0	0	0	0	0	0	0
YAR075W	0	0	0	1	0	0	3	0	1	2	0	6	5	2	4	10	3	6	9	8	16	22	49	15	410	28	46	158	34	210	58	15	64	4	1	15	0	0	1	0	0	0	0	0	0	0	0	0
YPL026C	0	0	0	0	0	0	0	1	0	0	0	0	0	0	0	0	0	0	0	0	1	0	2	0	2	5	0	2	0	5	0	1	2	0	0	0	0	0	0	0	0	0	0	0	0	0	0	0
YBR118W	13	6	27	73	69	30	573	128	320	1084	473	1261	3286	2537	1197	7251	1431	2388	4934	2496	8280	17267	35527	4482	332476	14003	12064	108688	8947	180341	45383	11649	48735	3285	2093	9559	274	237	336	11	11	27	2	1	2	0	0	0
YKL201C	0	0	0	0	0	0	0	0	0	0	0	0	0	0	0	0	0	0	0	0	0	0	0	0	4	0	0	2	0	2	2	0	0	0	0	0	0	0	0	0	0	0	0	0	0	0	0	0
YPR132W	0	1	0	0	0	2	19	4	5	30	11	37	82	48	24	184	41	38	123	71	210	485	812	112	6342	396	241	2228	219	3333	926	192	826	54	24	165	10	1	3	0	0	0	0	0	0	0	0	0
YHR211W	0	0	0	0	0	0	0	0	0	0	0	0	0	0	0	0	0	0	0	0	0	2	2	0	1	0	1	1	0	0	1	1	1	0	0	0	0	0	0	0	0	0	0	0	0	0	0	0
YML085C	0	0	0	0	0	0	1	0	0	0	0	0	0	0	0	1	0	0	2	2	1	0	2	0	21	1	0	1	0	2	0	0	1	0	0	0	0	0	0	0	0	0	0	0	0	0	0	0
YOL013W-A	9	1	472	7	1	2105	18	17	465	122	1	17	14	1	10	24	13	2	55	2	22	4	7	50	8	20	32	11	0	457	3	6	720	2	7	48	1	8	4	1	6	1	0	0	1	0	0	0
YNL301C	1	0	0	5	1	0	13	2	8	33	10	35	69	39	33	134	34	40	120	37	160	347	761	110	6316	416	254	2704	191	3948	641	234	1296	34	55	138	2	1	7	0	1	0	0	0	0	0	0	0
YAR027W	0	0	0	0	0	0	0	0	0	0	0	0	0	0	0	0	1	0	1	1	0	0	1	2	12	3	1	6	4	9	5	2	3	0	1	0	0	0	0	0	0	0	0	0	0	0	0	0
YHR021C	0	0	0	0	0	0	0	0	0	0	0	0	0	0	0	0	0	0	0	0	0	0	0	0	1	0	0	0	0	0	0	0	0	0	0	0	0	0	0	0	0	0	0	0	0	0	0	0
YJL034W	0	0	1	2	0	0	4	0	0	1	0	1	9	32	4	68	11	1	15	17	2	11	4	1	12	0	0	2	0	7	3	1	1	1	0	0	0	0	0	0	0	0	0	0	0	0	0	0
YNR073C	0	0	0	0	0	0	0	0	0	0	0	0	0	0	0	0	0	0	0	0	0	0	1	0	7	0	1	4	3	3	3	0	0	0	0	0	0	0	0	0	0	0	0	0	0	0	0	0
YLR158C	0	0	0	0	0	0	0	0	0	0	0	0	1	0	1	1	2	3	3	3	3	7	4	3	22	28	2	39	17	17	20	10	7	3	0	2	0	0	1	0	0	0	0	0	0	0	0	0
YML024W	0	1	1	1	0	1	16	6	2	24	6	18	56	45	26	150	50	37	105	41	132	313	575	72	4892	211	203	1649	125	2818	608	211	862	41	41	126	0	3	4	0	1	13	0	0	0	0	0	0
YGR034W	0	0	1	1	1	0	4	2	3	18	5	11	33	26	15	81	19	14	50	31	85	210	253	51	2136	183	82	1325	78	861	342	45	380	32	4	58	2	1	3	0	0	0	0	0	0	0	0	0
YLR177W	0	0	0	0	0	0	0	0	0	0	0	0	0	0	0	7	4	0	0	0	0	0	2	0	5	16	3	3	9	6	0	0	2	0	1	0	0	0	0	0	0	0	0	0	0	0	0	0
YDR542W	0	0	0	0	0	0	0	0	0	0	0	0	0	0	0	0	0	0	0	0	0	0	0	0	3	0	0	4	0	2	0	0	1	0	0	0	0	0	0	0	0	0	0	0	0	0	0	0
YPL004C	0	0	0	0	0	0	2	0	0	2	0	0	1	1	0	4	0	0	0	0	0	3	1	0	0	2	0	0	0	0	0	0	0	0	0	0	0	0	0	0	0	0	0	0	0	0	0	0
YAL021C	0	0	1	0	0	0	1	1	0	1	2	0	1	1	0	1	0	0	0	2	1	2	3	2	16	0	0	3	0	3	0	2	1	0	0	0	0	0	0	0	0	0	0	0	0	0	0	0
YGL259W	0	0	0	0	0	0	0	0	0	0	0	0	0	0	1	0	0	0	0	0	0	0	1	0	5	0	0	2	0	0	0	0	0	0	0	0	0	0	0	0	0	0	0	0	0	0	0	0
YOR054C	0	0	0	0	0	0	0	0	0	0	0	0	0	0	0	1	0	0	6	0	0	0	3	0	67	0	0	0	0	16	1	14	1	0	0	0	0	0	0	0	0	0	0	0	0	0	0	0
YLR055C	0	0	0	0	0	0	0	0	0	0	0	0	0	0	0	0	0	0	0	0	0	0	1	1	11	0	0	0	0	0	0	0	0	0	0	0	0	0	0	0	0	0	0	0	0	0	0	0
YLR185W	0	0	0	0	0	1	5	2	3	5	3	7	4	16	7	30	22	7	26	11	48	28	155	32	856	162	34	407	71	542	133	55	201	4	17	30	1	2	1	0	0	0	0	0	0	0	0	0
YNL033W	0	0	0	0	0	0	0	0	0	0	0	0	0	0	0	0	0	0	0	0	1	1	1	0	10	4	1	1	0	2	3	0	0	0	0	1	0	0	0	0	0	0	0	0	0	0	0	0
YDL184C	1	0	0	7	5	3	27	5	8	34	15	82	92	81	72	366	37	111	209	92	331	781	1226	254	11460	776	787	3189	378	8696	923	279	1443	19	22	56	0	1	3	0	0	0	0	0	0	0	0	0
YBR112C	5	0	0	0	0	0	1	2	0	2	0	8	0	2	12	3	0	0	2	0	19	0	12	3	70	24	8	38	9	220	11	20	100	55	9	0	0	0	0	0	0	0	0	0	0	0	0	0
YML075C	0	0	0	0	0	0	0	0	0	0	0	0	0	0	0	0	0	0	0	0	0	0	0	0	1	0	0	0	0	0	0	0	0	0	0	0	0	0	0	0	0	0	0	0	0	0	0	0
YOR182C	0	0	0	0	2	1	4	2	2	12	2	19	29	19	10	61	10	20	46	29	61	269	288	36	2714	145	107	1021	80	887	434	115	306	14	33	55	2	10	1	0	0	0	0	0	0	0	0	0
YGR159C	0	0	0	0	0	0	0	0	0	0	0	0	0	1	0	2	0	0	0	0	0	0	0	0	0	0	0	0	0	1	0	2	0	0	0	0	0	0	0	0	0	0	0	0	0	0	0	0
YJR155W	0	0	0	0	0	0	0	0	0	0	0	0	0	0	0	0	0	0	0	0	0	0	0	0	0	0	0	1	0	0	0	0	0	0	0	0	0	0	0	0	0	0	0	0	0	0	0	0
YOR192C-B	1	1	1	2	1	1	23	6	4	48	15	56	61	68	47	135	32	60	151	71	181	394	669	136	5441	412	363	2263	312	3427	921	237	1201	72	49	277	4	9	5	1	0	0	0	0	0	0	0	0
YOR192C-A	0	1	1	2	1	0	7	4	1	17	9	27	29	37	19	47	9	29	47	22	75	155	264	57	2079	176	154	903	144	1396	386	125	452	38	20	107	2	5	3	0	0	0	0	0	0	0	0	0
YCL065W	0	0	0	0	0	0	0	0	0	0	0	0	0	0	0	0	0	0	0	0	0	0	1	0	3	2	0	1	0	2	1	0	0	0	0	0	0	0	0	0	0	0	0	0	0	0	0	0
YER011W	0	0	0	0	0	0	1	0	0	0	0	0	0	0	0	0	0	0	4	0	3	1	7	0	64	4	0	14	0	53	9	3	6	1	0	10	0	0	0	0	0	0	0	0	0	0	0	0
YCR037C	0	0	0	0	0	0	0	0	0	0	0	0	0	0	0	0	0	0	0	0	0	0	0	0	1	0	0	0	0	0	0	0	0	0	0	0	0	0	0	0	0	0	0	0	0	0	0	0
YER190W	0	0	0	0	0	1	0	2	1	2	3	7	11	7	6	27	5	5	18	9	33	66	141	31	1079	85	55	504	59	677	200	40	238	17	14	44	2	0	5	0	0	0	0	0	0	0	0	0
YOR009W	0	0	0	0	0	0	0	0	0	0	0	0	0	0	0	0	0	0	0	0	0	0	0	0	0	0	0	1	0	0	0	0	0	0	0	0	0	0	0	0	0	0	0	0	0	0	0	0
YPR121W	0	0	0	0	0	0	0	0	0	0	0	0	0	0	0	0	0	0	0	0	1	0	0	0	0	0	0	0	0	0	0	0	0	0	0	0	0	0	0	0	0	0	0	0	0	0	0	0
YPR022C	1	0	2	0	0	0	1	0	0	0	0	1	0	1	2	0	2	0	1	1	0	1	2	1	22	0	0	0	0	10	1	2	3	0	0	1	0	0	0	0	0	0	0	0	0	0	0	0
YLR110C	0	0	0	0	0	0	0	0	0	1	0	0	0	0	0	0	0	0	0	0	0	0	5	0	11	1	0	3	0	5	4	0	1	0	0	1	0	0	0	0	0	0	0	0	0	0	0	0
YDL188C	0	0	0	0	1	0	1	1	1	4	1	1	2	1	5	5	4	1	9	4	6	17	37	4	315	23	8	125	9	178	47	14	83	1	4	8	0	0	0	0	0	0	0	0	0	0	0	0
YPL143W	0	1	0	2	0	0	8	0	1	4	1	6	12	7	8	10	7	2	19	2	17	40	123	13	1087	56	11	266	11	275	49	6	56	1	0	1	0	0	0	0	0	0	0	0	0	0	0	0
YDL134C	0	0	0	0	1	0	1	1	1	4	1	1	2	1	5	5	4	1	9	4	6	17	37	4	315	23	8	125	9	178	47	14	83	1	4	8	0	0	0	0	0	0	0	0	0	0	0	0
YBR218C	0	0	0	0	0	2	3	0	3	4	4	5	14	12	15	34	9	8	12	11	51	62	158	25	1083	67	53	427	34	668	153	39	185	17	12	38	1	1	3	0	0	0	0	0	0	0	0	0
YMR321C	1	0	0	0	0	0	0	0	2	1	1	3	2	2	1	7	2	1	3	2	5	7	26	8	176	10	9	79	6	122	18	8	34	3	1	7	0	0	0	0	0	0	0	0	0	0	0	0
YBL003C	1	0	1	1	0	1	10	1	1	11	3	11	22	19	11	51	13	11	28	16	36	75	223	27	2043	61	45	514	34	896	183	38	188	20	4	52	2	2	0	0	0	1	0	0	0	0	0	0
YDR224C	0	0	0	0	0	0	4	0	0	3	1	1	4	7	3	13	4	1	15	4	9	11	46	6	385	21	8	190	5	147	29	20	66	1	13	2	0	0	0	0	0	0	0	0	0	0	0	0
YJR045C	0	0	0	1	0	0	2	0	0	2	1	1	9	5	3	18	2	4	7	2	8	13	47	2	25	4	6	6	2	4	2	0	0	0	0	0	0	0	0	0	0	0	0	0	0	0	0	0
YHR126C	0	0	0	0	0	0	0	0	0	0	0	0	0	1	0	0	0	0	0	0	0	0	0	0	0	0	0	0	0	0	0	0	0	0	0	0	0	0	0	0	0	0	0	0	0	0	0	0
YKL054C	0	0	2	0	0	0	0	0	4	0	0	1	0	5	12	4	2	4	12	1	12	0	32	17	281	46	7	78	14	275	60	35	131	0	6	37	0	0	0	0	0	0	0	0	0	0	0	0
YAL062W	0	0	0	0	0	0	0	0	0	0	0	2	0	0	0	2	0	0	2	0	2	0	1	1	41	1	0	8	2	23	3	1	4	1	0	0	0	0	0	0	0	0	0	0	0	0	0	0
YLR466W	0	0	0	0	0	1	0	2	1	3	3	4	7	6	6	18	4	5	14	7	24	54	109	26	858	74	43	411	50	547	158	39	191	16	11	33	2	0	5	0	0	0	0	0	0	0	0	0
YMR008C	0	0	0	0	0	0	0	0	0	0	0	0	0	0	0	0	0	1	1	0	0	0	2	0	33	0	0	8	1	11	5	4	4	0	0	1	0	1	0	0	0	0	0	0	0	0	0	0
YJL136C	0	0	0	5	0	1	3	0	2	6	0	4	18	18	7	22	13	9	18	9	27	26	82	23	685	83	28	446	20	364	67	41	304	5	22	22	1	0	3	0	0	0	0	0	0	0	0	0
YMR194W	0	0	1	0	0	0	3	1	2	14	1	7	51	15	8	90	13	42	65	48	99	349	409	50	3967	145	254	1603	178	1946	1048	499	462	25	75	180	3	44	4	0	0	1	0	0	0	0	0	0
YDL133C-A	1	0	0	7	5	3	27	5	8	34	15	82	92	81	72	366	37	111	209	92	331	781	1226	254	11460	776	787	3189	378	8696	923	279	1443	19	22	56	0	1	3	0	0	0	0	0	0	0	0	0
YNL229C	0	0	0	0	0	0	0	0	0	0	0	0	0	0	0	0	0	0	0	0	0	0	0	0	0	0	0	0	0	0	0	0	0	0	1	0	0	0	0	0	0	0	0	0	0	0	0	0
YOL086C	1	0	0	3	4	2	22	6	10	60	7	31	68	81	32	226	66	42	201	54	220	399	907	189	9512	516	302	4181	237	4999	1153	342	1598	103	112	257	7	11	25	1	0	0	0	0	0	1	0	0
YDR080W	0	0	0	0	0	0	0	0	0	0	0	0	0	0	0	0	0	0	0	0	0	0	0	0	8	0	0	1	0	4	0	0	0	0	0	0	0	0	0	0	0	0	0	0	0	0	0	0
YMR044W	0	0	0	0	0	0	0	0	0	0	0	0	0	0	0	0	0	0	0	0	0	0	0	0	1	0	0	0	0	0	0	0	0	0	0	0	0	0	0	0	0	0	0	0	0	0	0	0
YER117W	0	0	0	3	0	3	16	3	6	20	7	26	83	56	31	227	39	56	116	48	203	298	812	91	6721	378	288	2152	225	4139	751	255	982	23	31	75	3	0	2	0	0	0	0	0	0	0	0	0
YPR185W	0	0	0	0	0	0	0	0	0	0	0	0	0	0	0	1	1	0	0	0	0	0	1	0	2	0	0	0	0	0	0	0	0	0	0	0	0	0	0	0	0	0	0	0	0	0	0	0
YPL273W	1	0	0	0	0	0	0	0	2	1	1	3	2	2	1	7	2	1	3	2	5	7	26	8	176	10	9	79	6	122	18	8	34	3	1	7	0	0	0	0	0	0	0	0	0	0	0	0
YBR048W	1	0	0	0	4	1	20	2	6	32	13	31	69	47	21	142	35	46	97	64	193	372	641	112	4885	283	235	1745	144	2137	562	227	840	32	37	134	0	2	3	0	0	0	0	0	0	0	0	0
YKL028W	0	0	0	0	0	0	0	0	0	0	0	0	1	0	0	0	0	0	0	0	0	0	1	0	11	1	0	2	0	9	0	0	0	0	0	0	0	0	0	0	0	0	0	0	0	0	0	0
YNL162W	0	0	1	6	1	1	21	6	10	40	18	56	108	134	50	270	90	79	192	102	308	545	1280	147	9665	623	364	3736	367	5060	1254	451	1725	88	63	282	24	9	7	2	0	0	0	0	0	1	0	0
YLR406C	0	0	0	0	0	0	2	0	0	1	0	1	8	4	0	10	0	6	6	4	1	17	32	1	187	5	0	26	0	8	0	0	1	0	0	0	0	0	0	0	0	0	0	0	0	0	0	0
YCL068C	0	0	0	0	0	0	0	0	1	2	0	0	0	0	0	0	0	0	0	1	0	1	4	0	34	4	1	6	2	6	4	2	5	1	0	2	0	0	0	0	0	0	0	0	0	0	0	0
YDR037W	0	0	0	0	0	0	0	0	0	1	0	0	0	0	0	0	0	0	0	0	1	0	0	0	0	0	0	0	0	0	0	0	0	0	0	0	0	0	0	0	0	0	0	0	0	0	0	0
YGL051W	0	0	0	0	0	0	0	0	0	0	0	0	2	0	0	4	2	0	1	2	2	4	7	2	55	4	4	16	4	44	8	4	15	1	1	1	0	0	0	0	0	0	0	0	0	0	0	0
YDL247W	0	0	0	0	0	0	0	0	0	0	0	0	0	0	0	0	0	0	0	0	0	0	2	1	1	0	0	2	0	3	2	0	0	0	0	0	0	0	0	0	0	0	0	0	0	0	0	0
YNL030W	0	0	0	3	2	2	15	7	3	20	6	13	46	55	29	132	41	40	74	52	171	228	647	125	4555	330	195	1788	147	2683	514	125	648	15	15	65	2	1	5	0	0	0	0	0	0	0	0	0
YKL180W	0	0	0	0	3	1	3	3	1	18	4	5	51	29	18	55	33	22	66	17	81	147	354	50	3053	142	91	764	64	1092	360	45	207	11	6	46	0	1	1	0	0	0	0	0	0	0	0	0
YGR122C-A	0	0	0	0	0	0	0	0	0	0	0	0	0	0	0	0	0	0	0	0	0	1	1	1	0	2	0	4	1	1	3	1	0	1	0	0	0	0	0	0	0	0	0	0	0	0	0	0
YHL046C	0	0	0	0	0	0	0	0	0	0	0	0	0	0	0	0	0	0	0	0	0	0	0	0	3	0	0	4	0	2	0	0	1	0	0	0	0	0	0	0	0	0	0	0	0	0	0	0
YKL139W	0	0	0	0	0	0	0	0	0	0	0	0	0	0	0	0	0	0	0	0	0	0	0	0	1	0	0	1	0	0	0	0	0	1	0	0	0	0	1	0	0	0	0	0	0	0	0	0
YOL138C	0	0	0	0	0	0	0	0	0	0	0	0	0	0	0	0	0	0	0	0	0	0	1	0	13	0	0	3	0	11	1	0	0	1	0	0	0	0	0	0	0	0	0	0	0	0	0	0
YHR047C	0	0	0	0	0	0	0	0	0	0	0	0	0	0	0	0	0	0	0	0	0	0	0	0	1	0	0	0	0	0	0	0	0	0	0	0	0	0	0	0	0	0	0	0	0	0	0	0
YIR041W	0	0	0	0	0	0	0	0	0	0	0	0	0	0	0	0	0	0	0	0	0	0	0	0	2	0	0	1	0	0	0	0	0	0	0	0	0	0	0	0	0	0	0	0	0	0	0	0
YDL083C	0	0	0	0	1	1	7	1	4	14	3	18	31	12	13	27	12	18	16	6	34	43	126	18	1204	99	29	480	26	858	85	37	324	8	3	35	0	0	0	0	0	0	0	0	0	0	0	0
YLL039C	0	0	0	0	2	0	13	2	2	21	10	23	23	28	8	69	19	20	62	16	56	76	153	42	1809	94	65	670	71	845	251	54	249	12	8	71	0	0	0	0	0	0	0	0	0	0	0	0
YJR094W-A	0	0	0	0	0	0	2	0	0	2	0	10	4	4	2	22	9	10	3	6	23	31	99	12	585	33	23	104	22	550	45	13	73	4	2	10	0	0	0	0	0	0	0	0	0	0	0	0
YEL030W	0	0	0	0	1	0	0	0	0	1	0	0	0	1	0	0	0	0	0	0	0	0	1	0	1	0	0	1	0	2	0	1	0	0	0	0	0	0	0	0	0	0	0	0	0	0	0	0
YNL027W	0	0	0	0	0	0	0	0	0	0	0	1	0	1	2	0	2	0	1	1	0	0	2	1	21	0	0	0	0	12	1	2	2	0	0	0	0	0	0	0	0	0	0	0	0	0	0	0
YDL140C	0	0	0	0	0	0	2	0	0	2	0	0	0	0	0	0	2	0	0	0	2	0	4	2	8	2	0	2	0	6	0	0	0	0	0	0	0	0	0	0	0	0	0	0	0	0	0	0
YHR215W	0	0	0	0	0	0	1	0	0	0	0	0	0	0	1	2	1	2	2	2	3	8	13	4	85	6	2	36	1	42	10	5	14	2	0	1	0	0	0	0	0	0	0	0	0	0	0	0
YCR108C	0	0	0	0	0	0	0	0	0	0	0	0	0	0	0	0	0	0	0	0	0	0	0	0	0	0	0	0	0	1	0	0	0	0	0	0	0	0	0	0	0	0	0	0	0	0	0	0
YLL045C	0	1	1	7	0	1	35	9	8	57	11	36	95	88	44	214	47	72	177	79	199	502	764	131	8024	400	287	3316	208	4033	1088	248	1358	79	69	283	26	5	5	0	0	2	0	0	0	0	0	0
YNL337W	0	0	0	0	0	0	0	0	0	0	0	0	0	0	0	0	0	0	0	0	0	0	0	0	1	0	0	0	1	0	0	0	0	0	0	0	0	0	0	0	0	0	0	0	0	0	0	0
YNL327W	0	0	0	0	0	0	0	0	0	2	0	0	8	2	2	0	0	8	2	0	6	16	24	6	238	10	12	80	2	138	18	10	36	6	2	6	0	0	2	0	0	0	0	0	0	0	0	0
YDL131W	0	0	0	1	1	0	7	2	1	10	6	13	24	12	23	87	13	26	32	26	74	157	270	35	2841	141	92	1044	77	1472	399	111	429	31	15	74	1	1	5	0	0	0	0	0	0	0	0	0
YFR040W	0	0	0	0	0	0	0	0	0	0	0	0	0	0	0	2	1	0	0	0	0	0	0	0	1	0	0	0	0	0	0	0	0	0	0	0	0	0	0	0	0	0	0	0	0	0	0	0
YML124C	0	0	0	0	0	0	1	0	0	0	0	0	0	0	0	1	0	0	2	2	1	0	2	0	21	1	0	1	0	2	0	0	1	0	0	0	0	0	0	0	0	0	0	0	0	0	0	0
YKR066C	0	0	0	0	0	0	0	0	0	0	0	0	0	0	0	0	0	0	0	0	0	0	0	0	6	0	0	0	0	0	0	0	0	0	0	0	0	0	0	0	0	0	0	0	0	0	0	0
YLR081W	0	0	0	0	0	0	0	0	0	1	0	0	0	0	0	0	0	0	1	0	0	0	1	0	21	1	0	14	0	11	0	0	3	0	0	0	0	0	0	0	0	0	0	0	0	0	0	0
YGR087C	0	0	0	0	0	1	2	3	1	4	1	0	2	5	1	6	14	1	8	2	4	17	59	4	300	65	1	450	0	2	0	0	6	0	0	0	0	0	0	0	0	0	0	0	0	0	0	0
YGL008C	1	0	0	4	2	0	9	1	10	22	13	35	80	50	36	180	31	53	114	37	155	217	497	88	4415	248	188	1551	157	2800	511	211	454	23	11	77	1	1	3	0	0	1	0	0	0	0	0	0
YER002W	0	0	0	0	0	0	0	0	0	0	0	0	0	2	0	0	0	0	0	0	0	0	0	0	0	0	0	0	0	0	0	0	0	0	0	0	0	0	0	0	0	0	0	0	0	0	0	0
YDR170C	0	0	0	0	0	0	0	0	0	0	0	0	5	8	0	2	0	0	4	0	0	0	20	0	110	1	0	4	0	42	3	12	2	13	0	0	0	0	0	0	0	0	0	0	0	0	0	0
YCL025C	0	0	0	0	0	0	0	0	0	0	0	0	1	0	2	1	0	1	1	0	1	1	3	1	41	3	2	9	1	32	10	2	7	0	0	4	0	0	0	0	0	0	0	0	0	0	0	0
YBL075C	0	0	0	0	0	0	0	0	0	1	0	0	3	0	1	0	0	1	0	0	0	0	0	0	1	0	0	0	0	1	0	0	0	0	0	0	0	0	0	0	0	0	0	0	0	0	0	0
YCR091W	0	0	0	0	0	0	0	0	0	0	0	0	0	0	0	0	0	0	0	0	1	0	0	0	1	0	0	1	0	0	0	0	0	0	0	0	0	0	0	0	0	0	0	0	0	0	0	0
YER109C	0	0	0	0	0	0	0	0	0	0	0	1	0	0	0	1	0	0	0	0	0	0	0	0	4	0	2	0	0	1	0	0	0	0	0	0	0	0	0	0	0	0	0	0	0	0	0	0
YOR072W-B	9	1	472	7	1	2105	18	17	465	122	1	17	14	1	9	24	13	2	55	2	22	4	7	50	8	20	32	11	0	456	2	5	719	2	5	48	1	8	4	1	6	1	0	0	1	0	0	0
YMR083W	0	0	0	0	0	0	0	0	0	0	0	0	0	0	0	0	0	0	0	0	0	0	0	0	2	0	0	0	0	1	0	0	0	0	0	0	0	0	0	0	0	0	0	0	0	0	0	0
YPR204W	0	0	0	0	0	1	0	1	1	1	4	4	5	6	3	12	3	3	9	7	23	35	84	19	604	44	36	276	36	410	105	26	138	8	9	22	0	0	5	0	0	0	0	0	0	0	0	0
YLR340W	0	0	0	0	0	0	1	3	1	8	0	2	5	5	2	6	0	1	9	0	0	0	0	1	5	3	0	6	0	20	0	0	2	0	0	0	0	0	0	0	0	0	0	0	0	0	0	0
YMR306W	0	0	0	0	0	0	0	0	0	0	0	0	0	1	0	0	0	0	0	0	0	0	1	0	0	0	0	0	0	0	0	0	0	0	0	0	0	0	0	0	0	0	0	0	0	0	0	0
YDL137W	0	0	1	0	0	0	5	1	0	8	0	6	6	9	4	18	4	7	14	9	8	46	42	2	366	25	10	125	18	91	56	6	78	3	2	14	0	0	1	0	0	0	0	0	0	0	0	0
YNL302C	0	0	0	1	0	0	7	3	1	14	6	14	28	37	20	95	31	34	79	27	161	151	562	69	4556	259	104	1421	108	1634	491	125	521	21	11	67	3	1	1	0	1	0	0	0	0	0	0	0
YPR163C	0	0	0	0	0	0	3	0	0	4	4	2	2	4	0	8	16	4	16	0	26	38	98	12	878	54	26	364	16	432	50	4	120	6	0	10	2	0	0	0	0	0	0	0	0	0	0	0
YNL096C	1	0	0	1	0	0	6	1	1	15	8	24	18	23	23	53	17	11	65	16	49	177	294	56	2536	147	144	756	87	1192	311	48	392	15	4	44	3	0	0	0	0	0	0	0	0	0	0	0
YOR394W	0	0	0	0	0	0	0	0	0	0	0	0	0	0	0	0	0	0	0	0	0	0	0	0	1	0	0	2	0	0	0	0	0	0	0	0	0	0	0	0	0	0	0	0	0	0	0	0
YGR287C	0	0	0	0	0	0	0	0	0	0	0	0	0	0	0	0	0	0	2	0	1	0	1	0	14	0	0	5	0	8	4	0	1	0	0	0	0	0	0	0	0	0	0	0	0	0	0	0
YER015W	0	0	0	1	0	0	0	0	0	0	0	0	0	0	0	0	0	0	0	0	0	0	0	0	0	0	0	0	0	0	0	0	0	0	0	0	0	0	0	0	0	0	0	0	0	0	0	0
YGR130C	0	0	0	0	0	0	0	0	0	0	0	0	0	0	0	0	0	0	0	0	0	0	2	0	6	0	0	0	2	8	0	0	3	0	0	0	0	0	0	0	0	0	0	0	0	0	0	0
YDL192W	0	0	1	0	0	0	5	1	0	8	0	6	6	9	4	18	4	7	14	9	8	46	42	2	366	25	10	125	18	91	56	6	78	3	2	14	0	0	1	0	0	0	0	0	0	0	0	0
YMR170C	0	0	0	0	0	0	0	0	2	1	0	0	2	4	3	7	5	1	3	1	12	13	40	7	264	24	13	78	10	168	30	10	64	4	2	10	0	0	2	0	0	0	0	0	0	0	0	0
YCR106W	0	0	0	0	0	0	0	0	0	0	0	0	0	0	0	0	0	0	0	1	0	1	0	0	12	0	0	2	0	12	3	0	2	0	0	1	0	0	0	0	0	0	0	0	0	0	0	0
YLR029C	0	0	0	1	0	1	13	8	5	29	10	41	49	63	34	170	55	38	121	47	198	318	835	117	6565	405	215	2506	224	4087	854	262	1193	42	46	170	1	4	8	0	0	0	0	0	0	0	0	0
YGL066W	0	0	0	0	0	0	0	1	0	1	0	1	0	0	0	4	1	0	0	0	0	0	2	2	10	2	2	1	0	0	0	0	0	0	0	0	0	0	0	0	0	0	0	0	0	0	0	0
YDR502C	0	0	0	0	2	0	0	1	1	3	2	7	8	17	2	31	11	4	23	7	32	19	135	13	1512	71	11	578	31	514	149	23	167	13	5	20	3	0	2	0	0	0	0	0	0	0	0	0
YER062C	0	0	0	0	0	0	0	0	0	0	0	0	1	0	0	6	0	0	1	0	0	0	0	0	0	0	0	0	0	3	0	0	0	0	0	0	0	0	0	0	0	0	0	0	0	0	0	0
YGL261C	0	0	0	0	0	0	0	0	0	0	0	0	0	0	0	0	0	0	0	0	0	0	0	0	1	0	0	2	0	1	0	0	1	0	0	0	0	0	0	0	0	0	0	0	0	0	0	0
YPL282C	0	0	0	0	0	0	0	0	0	0	0	0	0	0	0	0	0	0	0	0	0	0	0	0	1	0	0	2	0	0	0	0	0	0	0	0	0	0	0	0	0	0	0	0	0	0	0	0
YDR098C	0	0	0	0	0	0	0	0	0	0	0	0	0	0	0	1	0	0	0	0	0	0	0	0	0	0	0	0	0	0	0	0	0	0	0	0	0	0	0	0	0	0	0	0	0	0	0	0
YMR158C-A	0	0	0	0	0	0	0	0	0	0	0	0	0	0	0	0	0	0	0	0	0	0	0	0	2	0	0	0	0	0	0	0	0	0	0	0	0	0	0	0	0	0	0	0	0	0	0	0
YIL148W	1	0	1	5	5	2	23	9	16	49	18	59	83	69	39	239	39	58	207	85	211	361	1135	171	9106	599	358	3726	327	5484	1221	450	1469	76	70	265	26	4	13	0	0	9	0	1	0	0	0	0
YNR016C	0	0	0	0	0	0	0	0	0	0	0	0	0	0	0	1	0	0	0	0	0	0	0	0	0	0	0	0	0	0	0	0	0	0	0	0	0	0	0	0	0	0	0	0	0	0	0	0
YDL130W	0	0	0	0	0	0	4	4	1	17	2	3	8	14	6	21	4	4	31	4	24	24	111	28	1405	126	16	1098	19	486	116	96	201	10	9	1	0	0	0	1	0	0	0	0	0	0	0	0
YOR387C	0	0	0	0	0	0	2	0	1	4	0	0	2	0	0	0	0	0	1	1	7	5	15	1	95	8	7	37	3	44	17	3	17	2	1	2	0	1	0	0	0	0	0	0	0	0	0	0
YFR008W	0	0	0	0	0	0	0	0	0	0	2	0	0	1	0	0	1	0	0	0	1	0	0	0	6	3	1	1	0	6	2	1	1	0	0	0	0	0	0	0	0	0	0	0	0	0	0	0
YLR155C	0	0	0	0	0	0	0	0	0	0	0	0	1	0	1	1	2	3	3	3	3	7	4	3	22	28	2	39	17	17	20	10	7	3	0	2	0	0	1	0	0	0	0	0	0	0	0	0
YEL069C	0	0	0	0	0	0	0	0	0	0	0	0	0	0	0	0	0	0	0	0	0	0	0	0	0	0	0	0	0	0	0	1	0	0	0	0	0	0	0	0	0	0	0	0	0	0	0	0
YBL087C	0	0	0	3	0	3	16	3	6	20	7	26	83	56	31	227	39	56	116	48	203	297	812	92	6721	378	288	2152	225	4139	751	255	982	23	31	75	2	0	3	0	0	0	0	0	0	0	0	0
YPL187W	0	0	0	0	0	0	0	0	0	0	0	0	0	0	0	0	0	0	0	0	0	0	0	0	0	0	0	0	0	2	0	0	0	0	0	0	0	0	0	0	0	0	0	0	0	0	0	0
YDL075W	0	0	0	0	0	0	2	0	0	1	0	1	8	4	0	10	0	6	6	4	1	17	32	1	187	5	0	26	0	8	0	0	1	0	0	0	0	0	0	0	0	0	0	0	0	0	0	0
YGL058W	0	0	0	0	0	0	0	0	0	0	0	0	0	0	0	1	0	0	0	0	1	0	2	0	11	0	0	0	0	0	0	0	1	0	0	0	0	0	0	0	0	0	0	0	0	0	0	0
YDL061C	1	0	0	0	0	0	1	2	1	8	0	0	4	22	3	72	3	4	14	2	40	18	50	19	330	45	9	108	12	187	10	3	25	1	0	3	0	0	1	0	0	0	0	0	0	0	0	0
YLR441C	0	1	1	2	0	1	12	2	4	23	11	37	59	46	30	131	27	34	84	38	118	307	500	107	4720	324	188	2111	176	2267	753	164	641	33	34	146	2	3	0	0	0	0	0	0	0	0	0	0
YEL054C	0	0	0	1	1	1	12	1	11	25	7	21	39	27	16	88	20	47	84	33	124	261	463	81	4359	181	208	1266	103	2760	568	134	584	21	20	113	2	2	3	0	0	0	0	0	0	0	0	0
YKR092C	0	0	0	0	0	0	0	0	0	0	0	0	0	0	0	5	0	6	0	0	0	3	0	0	24	9	6	27	0	2	0	0	0	2	0	0	0	0	2	0	0	0	0	0	0	0	0	0
YOR259C	0	0	0	0	0	0	0	0	0	0	0	0	0	3	0	1	3	0	0	0	0	0	0	0	0	0	0	0	0	0	0	0	0	0	0	0	0	0	0	0	0	0	0	0	0	0	0	0
YNL034W	0	0	0	0	0	0	0	0	0	0	0	0	0	0	0	0	0	0	0	0	0	0	1	0	8	1	0	0	1	6	0	1	0	0	0	0	0	0	0	0	0	0	0	0	0	0	0	0
YNL018C	0	0	0	0	0	0	0	0	0	0	0	0	0	0	0	0	0	0	0	0	0	0	1	0	8	1	0	0	1	6	0	1	0	0	0	0	0	0	0	0	0	0	0	0	0	0	0	0
YDR447C	0	1	1	1	0	1	16	6	2	24	6	18	56	45	26	150	50	37	105	41	132	314	574	72	4891	211	204	1649	125	2818	608	211	862	41	41	126	1	2	4	0	14	0	0	0	0	0	0	0
YJR009C	4	5	11	41	43	15	305	113	160	601	214	660	1425	1261	629	3661	898	1067	2684	1259	3471	10086	15080	2306	162177	7424	6144	63995	3998	80646	22971	5273	25182	1972	1446	5020	142	162	202	3	17	6	0	0	0	0	0	0
YLL024C	2	1	3	19	15	9	132	20	57	200	88	202	564	482	221	1362	290	383	837	428	1350	2887	5676	792	58143	2410	2205	19490	1532	31298	7802	2437	9010	637	517	1738	25	60	82	7	6	2	1	0	0	0	0	0
YJL159W	0	0	2	2	0	3	39	6	5	27	7	52	79	108	45	333	56	78	214	69	329	343	1285	124	10165	466	230	2689	261	5264	1133	303	1323	101	46	269	7	7	6	0	0	0	0	0	0	0	0	0
YDL243C	0	0	0	0	0	0	0	0	0	0	0	0	0	0	0	0	0	0	0	0	0	0	0	0	2	2	0	2	1	3	1	0	0	0	0	0	0	0	0	0	0	0	0	0	0	0	0	0
YOR375C	0	0	0	0	0	0	0	0	0	0	0	2	0	0	0	2	0	0	2	0	2	0	1	1	41	1	0	8	2	23	3	1	4	1	0	0	0	0	0	0	0	0	0	0	0	0	0	0
YHL048W	0	0	0	0	0	1	1	0	0	3	0	2	2	3	5	10	1	6	6	5	12	10	32	7	201	16	13	75	14	139	29	10	47	1	1	11	1	0	0	0	0	0	0	0	0	0	0	0
YIR010W	0	0	0	0	0	0	0	0	0	0	0	0	0	0	0	0	0	0	0	0	0	0	2	0	0	0	0	0	0	0	0	0	0	0	0	0	0	0	0	0	0	0	0	0	0	0	0	0
YNL209W	2	1	4	7	8	5	88	26	44	154	67	165	393	375	174	1072	215	300	663	283	1290	1962	4931	676	46803	2016	1447	15434	1203	26749	6148	1570	7260	391	278	1211	24	33	25	3	2	1	0	0	0	0	0	0
YOR293W	0	0	0	0	0	0	12	1	0	18	1	14	7	33	16	88	17	4	35	8	90	76	233	49	2236	109	35	1043	23	570	85	31	151	5	5	10	0	0	0	0	0	0	0	0	0	0	0	0
YML056C	0	0	0	1	1	1	1	0	1	4	3	6	20	4	7	47	2	14	16	7	41	93	138	26	1353	72	58	469	50	717	187	75	192	16	9	27	0	1	2	0	1	1	0	0	0	0	0	0
YLR367W	0	0	0	2	1	0	6	3	0	13	0	7	8	4	3	23	8	3	20	9	14	40	34	12	568	28	13	457	10	112	82	4	12	2	0	1	0	0	0	0	0	0	0	0	0	0	0	0
YLL008W	0	0	0	0	0	0	0	0	0	0	0	0	0	0	0	0	0	0	0	0	0	0	0	0	1	0	0	0	0	0	0	0	0	0	0	0	0	0	0	0	0	0	0	0	0	0	0	0
YAR020C	0	0	0	0	0	0	0	0	0	0	0	0	0	0	0	0	0	0	0	0	0	0	0	0	1	0	0	0	0	1	0	0	0	0	0	0	0	0	0	0	0	0	0	0	0	0	0	0
YKL105C	0	0	0	0	0	0	0	0	0	0	0	0	0	0	0	0	0	0	0	0	0	0	0	0	0	0	0	0	0	1	0	0	0	0	0	0	0	0	0	0	0	0	0	0	0	0	0	0
YOL059W	0	0	0	0	0	0	0	0	0	0	0	0	0	1	0	0	0	0	0	0	0	0	0	0	0	0	0	0	0	0	0	0	0	0	0	0	0	0	0	0	0	0	0	0	0	0	0	0
YOR096W	1	0	0	1	0	0	6	1	1	15	8	24	18	23	23	53	17	11	65	16	49	177	295	55	2537	146	144	755	87	1193	311	48	392	15	4	44	3	0	0	0	0	0	0	0	0	0	0	0
YJL041W	0	0	0	0	0	0	0	0	0	8	0	4	0	4	0	10	2	2	22	4	2	26	36	14	378	26	30	126	26	322	42	12	94	2	0	22	0	0	0	0	0	0	0	0	0	0	0	0
YHR131C	0	0	0	0	0	0	0	0	0	0	0	0	0	0	0	2	0	0	0	0	2	0	2	0	11	0	0	0	0	1	0	1	0	0	0	0	0	0	0	0	0	0	0	0	0	0	0	0
YKL129C	0	0	0	0	0	0	0	0	0	0	0	0	0	1	0	1	0	0	0	0	0	0	0	0	3	0	0	0	0	2	1	0	1	0	0	0	0	0	0	0	0	0	0	0	0	0	0	0
YAR068W	0	0	0	0	0	0	0	0	0	0	0	0	0	0	0	0	0	1	2	0	0	3	1	2	1	0	8	0	4	2	0	3	0	0	2	0	0	0	0	0	0	0	0	0	0	0	0	0
YHR043C	0	0	0	0	0	0	2	0	0	0	0	0	0	2	0	7	1	3	2	0	2	5	17	4	137	6	8	45	6	75	22	8	21	2	0	3	0	0	0	0	0	0	0	0	0	0	0	0
YLR437C	1	0	0	0	0	0	0	0	0	0	0	0	0	1	0	0	0	0	0	0	0	0	0	0	0	0	0	0	0	0	0	0	0	0	0	0	0	0	0	0	0	0	0	0	0	0	0	0
YFR031C-A	0	1	2	2	6	3	40	17	16	64	20	71	158	151	84	450	142	102	321	123	496	622	2093	332	17345	1226	474	7819	572	8511	2271	729	2995	179	175	538	11	18	25	0	1	0	1	0	0	0	0	0
YHR205W	0	0	0	0	0	0	1	0	0	0	0	0	0	0	0	0	0	0	0	0	0	0	0	0	0	0	0	0	0	0	0	0	0	0	0	0	0	0	0	0	0	0	0	0	0	0	0	0
YPR152C	0	0	0	0	0	0	0	0	0	0	0	2	0	0	0	0	0	0	0	0	0	0	0	0	0	0	0	0	0	0	0	0	0	0	0	0	0	0	0	0	0	0	0	0	0	0	0	0
YJL052W	2	1	5	27	17	9	114	53	68	270	99	243	672	601	302	1584	549	485	1437	658	1528	4168	7091	1151	71723	4358	2818	34391	2092	36694	11424	2138	13801	811	790	2347	83	82	119	0	7	7	0	0	0	0	0	0
YJL198W	0	0	0	0	0	0	0	0	0	0	0	0	0	0	0	0	0	0	0	0	0	0	0	0	1	0	0	0	0	0	0	0	0	0	0	0	0	0	0	0	0	0	0	0	0	0	0	0
YLR104W	0	0	0	0	0	0	0	0	0	0	0	0	0	0	0	0	0	0	0	0	0	0	0	0	0	0	0	0	0	2	0	0	0	0	0	0	0	0	0	0	0	0	0	0	0	0	0	0
YOL121C	0	0	0	1	0	0	7	3	1	14	6	14	28	37	20	95	31	34	79	27	161	151	562	69	4556	259	104	1421	108	1634	491	125	521	21	11	67	3	1	1	0	1	0	0	0	0	0	0	0
YGL076C	5	0	0	6	3	2	47	14	26	81	24	85	228	149	96	445	115	196	397	180	587	1414	2292	353	20950	1073	992	8130	636	11081	3361	706	3975	242	181	687	25	22	37	2	0	2	0	0	0	1	0	0
YNL333W	0	0	0	0	0	0	0	0	0	0	0	0	0	0	0	1	0	1	1	1	1	0	5	1	57	5	3	26	1	35	9	5	6	0	0	1	0	0	0	0	0	0	0	0	0	0	0	0
YMR304C-A	0	0	0	0	0	0	0	0	0	1	1	1	1	2	6	1	0	1	1	3	1	7	2	2	18	1	135	1	29	76	2	6	15	0	2	0	0	0	0	0	0	0	0	0	0	0	0	0
YJL223C	0	0	0	0	0	0	0	0	0	0	0	0	0	0	0	0	0	0	0	0	0	0	0	0	5	0	0	3	0	1	0	0	1	0	0	0	0	0	0	0	0	0	0	0	0	0	0	0
YMR169C	0	0	0	0	0	0	0	0	2	1	0	0	2	4	3	7	5	1	3	1	12	13	40	7	264	24	13	78	10	168	30	10	64	4	2	10	0	0	2	0	0	0	0	0	0	0	0	0
YML074C	0	0	0	0	0	0	1	0	0	1	0	0	0	0	0	0	0	0	0	0	0	0	0	0	0	0	0	0	0	3	0	0	1	0	0	0	0	0	0	0	0	0	0	0	0	0	0	0
YCR031C	0	0	0	3	1	1	9	3	7	13	12	17	25	49	20	95	22	29	54	39	83	320	338	49	2961	144	150	1350	62	1623	424	125	395	43	28	97	7	3	7	1	0	0	0	0	0	0	0	0
YPR080W	13	6	27	73	69	30	573	128	320	1084	473	1261	3286	2537	1197	7251	1431	2388	4934	2496	8280	17267	35527	4482	332476	14003	12064	108688	8947	180341	45383	11649	48735	3285	2093	9559	274	237	336	11	11	27	2	1	2	0	0	0
YDR418W	0	0	0	1	1	1	12	1	11	25	7	21	40	26	16	88	20	47	84	33	124	262	462	81	4360	180	208	1266	103	2760	567	135	584	19	22	113	2	2	3	0	0	0	0	0	0	0	0	0
YDR471W	0	0	0	0	0	0	2	0	2	3	4	2	10	2	3	11	1	1	13	1	15	16	39	1	487	23	10	129	11	184	55	21	45	5	5	5	1	0	1	0	0	0	0	0	0	0	0	0
YMR173W-A	0	3	0	5	0	10	7	2	12	2	24	35	84	25	87	25	38	220	44	187	80	872	65	550	400	155	8225	165	3771	2348	270	1081	773	56	152	133	5	11	0	0	0	0	0	0	0	0	0	0
YPL279C	0	0	0	0	0	0	0	0	0	3	0	2	3	1	2	7	0	1	2	3	4	10	17	4	162	17	9	53	9	102	28	5	25	0	2	7	1	0	0	0	0	0	0	0	0	0	0	0
YPL281C	0	0	0	0	0	0	0	0	0	0	0	0	0	0	0	1	0	0	0	0	0	1	0	1	0	0	0	2	0	4	1	0	0	0	0	0	0	0	0	0	0	0	0	0	0	0	0	0
YGR109W-A	0	0	0	0	0	0	0	0	0	0	0	0	0	0	0	0	0	0	1	0	0	0	1	0	15	2	0	10	0	8	3	0	1	0	0	1	0	0	0	0	0	0	0	0	0	0	0	0
YAL069W	0	0	0	0	0	0	0	0	0	0	0	0	0	0	0	0	0	0	0	0	0	0	0	0	0	0	1	1	0	0	0	0	0	0	0	1	0	0	0	0	0	0	0	0	0	0	0	0
YPR108W-A	0	0	1	0	0	0	0	4	1	0	6	4	0	111	2	1	0	3	0	2	1	1	1	1	2	0	5	0	25	0	0	35	10	0	0	0	0	0	0	0	0	0	0	0	0	0	0	0
YLR344W	0	0	1	1	1	0	4	2	3	18	5	11	33	26	15	81	19	14	50	31	85	210	253	51	2136	183	82	1325	78	861	342	45	380	32	4	58	2	1	3	0	0	0	0	0	0	0	0	0
YLR449W	0	0	0	0	0	0	0	0	0	0	0	0	0	1	0	0	0	0	1	0	0	0	1	0	15	1	0	2	0	1	0	0	0	0	0	0	0	0	0	0	0	0	0	0	0	0	0	0
YPL240C	0	1	2	2	5	1	29	10	16	48	19	44	92	88	64	302	63	80	214	71	268	404	908	167	9522	446	334	3391	263	5100	1142	324	1624	87	73	270	3	6	18	0	0	0	0	0	2	0	0	0
YDL022W	0	0	0	0	0	0	0	0	0	0	0	0	0	1	0	0	0	0	0	0	0	0	0	0	0	0	0	0	0	0	0	0	0	0	0	0	0	0	0	0	0	0	0	0	0	0	0	0
YLR044C	2	1	2	9	6	3	45	21	19	90	42	88	135	178	74	352	123	106	247	104	387	914	1543	200	15720	798	399	6188	376	5318	2256	416	1141	140	44	244	4	10	12	0	1	0	0	0	0	0	0	0
YHR096C	0	0	0	0	0	0	3	0	2	0	0	1	3	3	3	7	3	1	12	2	8	7	25	7	223	13	6	121	9	160	31	5	57	2	5	7	0	0	0	0	0	0	0	0	0	0	0	0
YBL002W	0	0	0	0	0	0	4	0	0	3	1	1	4	7	3	13	4	1	15	4	9	11	46	6	385	21	8	190	5	147	29	20	66	1	13	2	0	0	0	0	0	0	0	0	0	0	0	0
YCR089W	0	0	0	0	0	0	0	0	0	0	0	0	0	0	0	0	0	0	0	0	0	0	0	0	4	0	0	4	2	0	0	0	4	0	0	0	0	0	0	0	0	0	0	0	0	0	0	0
YDR174W	0	0	0	0	0	0	0	0	0	0	0	0	1	0	0	2	0	0	0	0	0	0	0	0	0	0	0	0	1	0	0	0	0	0	0	1	0	0	0	0	0	0	0	0	0	0	0	0
YDR409W	0	0	0	0	0	0	0	0	0	0	0	0	0	0	0	0	0	0	0	0	0	2	0	0	1	0	0	0	1	0	0	1	1	2	0	0	0	0	0	0	0	0	0	0	0	0	0	0
YEL070W	0	0	0	0	0	0	0	0	0	0	0	0	0	0	0	0	0	0	0	0	0	0	1	0	7	0	1	4	3	3	3	0	0	0	0	0	0	0	0	0	0	0	0	0	0	0	0	0
YOR071C	0	0	0	0	0	0	0	0	0	0	0	0	0	0	0	0	0	0	0	0	0	4	5	1	24	2	1	7	1	13	1	0	4	0	0	0	0	0	0	0	0	0	0	0	0	0	0	0
YML073C	0	1	0	0	0	0	2	4	3	13	5	10	8	22	16	42	14	14	42	20	66	89	198	51	1457	70	114	559	37	871	180	45	202	3	4	42	0	3	0	0	1	0	0	0	0	0	0	0
YCR038C	0	0	0	0	0	0	0	0	1	2	0	0	0	0	0	0	0	0	0	1	0	1	4	0	34	6	1	7	3	6	4	2	5	1	0	2	0	0	0	0	0	0	0	0	0	0	0	0
YFL023W	0	0	0	0	0	0	0	0	0	0	0	0	0	0	0	0	0	0	2	0	2	2	2	0	28	0	0	2	0	8	2	0	4	0	0	0	0	0	0	0	0	0	0	0	0	0	0	0
YHR174W	3	3	6	27	33	12	240	76	128	495	184	470	1271	1056	563	3013	681	925	2136	957	3550	6207	14688	1933	136443	5790	4102	47765	3312	71988	16941	5083	21674	1771	1140	4353	98	138	161	7	18	6	0	0	0	0	0	0
YDL035C	0	0	0	0	0	0	0	0	0	0	0	0	1	0	0	0	0	0	0	0	0	3	2	0	12	0	0	0	0	0	0	0	0	1	0	0	0	0	0	0	0	0	0	0	0	0	0	0
YBL011W	0	0	0	0	0	0	0	0	0	0	0	0	1	0	0	0	0	0	0	0	0	0	1	0	2	0	0	0	0	0	0	0	1	0	0	0	0	0	0	0	0	0	0	0	0	0	0	0
YPR042C	0	0	0	0	0	0	1	0	0	0	0	1	1	0	0	0	0	0	1	1	0	0	1	0	7	0	0	0	3	3	2	0	0	3	0	0	0	0	0	0	0	0	0	0	0	0	0	0
YCR102C	0	0	0	0	0	0	0	0	0	0	1	0	0	0	0	1	0	0	0	0	0	4	3	0	25	0	2	14	0	25	1	2	13	0	0	2	0	0	0	0	0	0	0	0	0	0	0	0
YBR093C	0	0	0	0	0	0	2	1	1	3	2	3	7	14	5	25	8	2	5	9	23	42	58	13	665	41	28	208	12	305	63	17	72	11	7	13	1	1	0	0	0	0	0	0	0	0	0	0
YKR106W	0	0	0	0	0	0	0	0	0	0	0	0	0	0	0	0	0	0	0	0	0	0	1	0	5	0	0	1	0	3	0	0	0	0	0	1	0	0	0	0	0	0	0	0	0	0	0	0
YBR108W	0	0	1	0	0	0	0	1	0	0	0	0	0	0	0	0	0	0	2	0	0	0	2	0	12	1	0	1	0	6	2	0	0	0	0	0	0	0	0	0	0	0	0	0	0	0	0	0
YGR240C	0	0	0	0	0	0	0	0	0	0	0	1	0	2	0	0	0	0	0	0	0	0	0	0	0	0	0	0	0	0	0	0	0	1	0	0	0	0	0	0	0	0	0	0	0	0	0	0
YLR134W	2	1	2	9	6	2	43	18	18	86	41	88	133	173	73	346	109	105	240	102	382	899	1482	196	15424	734	397	5742	376	5314	2257	416	1135	140	44	244	5	9	12	0	1	0	0	0	0	0	0	0
YML103C	2	0	0	0	0	0	0	0	0	0	0	1	0	0	1	0	0	0	0	0	1	0	1	0	0	1	0	0	1	0	0	0	0	0	0	0	0	0	0	0	0	0	0	0	0	0	0	0
YCR041W	0	0	0	0	0	0	0	0	0	0	0	0	0	0	0	0	0	0	0	0	0	0	1	0	3	2	0	1	0	2	1	0	0	0	0	0	0	0	0	0	0	0	0	0	0	0	0	0
YOR390W	0	0	0	0	0	0	0	0	0	3	0	2	3	1	2	7	0	1	2	3	4	10	17	4	162	17	9	53	9	102	28	5	25	0	2	7	1	0	0	0	0	0	0	0	0	0	0	0
YER066W	0	0	0	0	0	0	0	0	0	0	0	0	0	0	1	0	0	0	1	0	1	7	3	0	19	4	6	10	1	12	2	0	5	0	1	5	0	0	0	0	0	0	0	0	0	0	0	0
YAL068C	0	0	0	0	0	0	0	0	0	0	0	0	0	0	0	0	0	0	0	0	0	0	0	0	2	0	0	2	0	1	0	0	0	0	0	0	0	0	0	0	0	0	0	0	0	0	0	0
YGL031C	0	0	0	0	2	3	19	3	3	22	9	21	50	37	16	138	23	35	94	35	141	232	522	80	4297	198	123	1027	113	1942	451	182	399	20	14	63	3	2	2	0	0	0	0	0	0	0	0	0
YIL053W	0	0	0	0	0	0	0	0	0	0	0	0	1	0	0	6	0	0	1	0	0	0	0	0	0	0	0	0	0	3	0	0	0	0	0	0	0	0	0	0	0	0	0	0	0	0	0	0
YCR038W-A	0	0	0	0	0	0	0	0	0	0	0	0	0	0	0	0	0	0	0	0	0	0	0	0	1	0	0	0	1	0	0	0	0	0	0	0	0	0	0	0	0	0	0	0	0	0	0	0
YLR249W	0	0	0	0	0	0	0	1	2	6	0	2	4	9	2	15	5	4	7	4	16	18	35	14	449	19	31	152	11	354	72	4	154	0	2	14	0	0	0	0	0	0	0	0	0	0	0	0
YDR012W	1	0	5	13	5	3	62	7	39	102	34	155	355	287	141	833	198	229	593	253	891	1576	3589	509	34122	1636	1110	13584	1003	19045	5200	1269	5517	448	227	1079	37	27	38	0	2	2	0	0	0	0	0	0
YIL066C	0	0	0	0	0	0	0	0	0	0	0	0	0	0	1	1	1	0	1	0	0	0	0	0	12	2	1	17	0	14	2	0	6	0	0	0	1	0	0	0	0	0	0	0	0	0	0	0
YDL082W	1	0	0	4	1	0	8	3	5	35	7	15	37	51	27	132	34	33	99	31	132	187	499	66	4493	184	72	1226	96	2069	465	157	560	70	23	108	4	5	6	0	0	0	0	0	0	0	0	0
YGL253W	0	0	0	0	0	0	0	0	0	0	0	0	0	0	0	0	0	1	0	0	0	1	3	0	2	0	0	0	0	0	0	0	1	0	0	0	0	0	0	0	0	0	0	0	0	0	0	0
YDR345C	0	0	1	0	0	0	2	1	1	13	5	9	26	23	19	76	18	28	53	13	66	108	292	40	2437	160	104	1237	79	1390	410	97	799	39	26	97	0	2	5	0	0	1	1	0	0	0	0	0
YJL177W	0	0	0	0	3	1	3	3	1	18	4	5	51	29	18	55	33	22	66	17	81	147	354	50	3053	142	91	764	64	1092	360	45	207	11	6	46	0	1	1	0	0	0	0	0	0	0	0	0
YMR230W	0	0	0	0	0	0	12	1	0	18	1	14	7	33	16	88	17	4	35	8	90	76	233	49	2236	109	35	1043	23	570	85	31	151	5	5	10	0	0	0	0	0	0	0	0	0	0	0	0
YFL058W	0	0	0	0	0	0	1	0	0	0	0	0	0	0	0	0	0	0	0	0	1	0	3	0	17	2	3	4	3	16	3	0	4	0	1	0	0	0	0	0	0	0	0	0	0	0	0	0
YBR299W	0	0	0	0	1	0	0	0	0	1	0	0	0	0	0	0	0	0	0	0	0	0	2	0	13	1	1	6	0	10	0	0	2	0	0	0	0	0	0	0	0	0	0	0	0	0	0	0
YOR108W	0	0	0	0	0	0	1	0	0	1	2	1	0	1	0	10	1	0	2	0	5	4	17	3	172	6	5	52	2	48	15	3	19	1	0	2	0	0	0	0	0	0	0	0	0	0	0	0
YPL081W	0	0	0	0	0	0	7	8	1	18	3	24	27	21	15	51	23	17	56	14	83	127	285	55	3168	160	106	1318	82	1768	393	92	450	14	19	37	0	2	4	0	0	0	0	0	0	0	0	0
YDR544C	0	0	0	0	0	0	0	0	0	0	0	0	0	0	0	0	0	0	0	0	0	0	0	0	0	0	0	0	2	1	0	0	0	0	0	0	0	0	0	0	0	0	0	0	0	0	0	0
YER102W	1	0	1	3	8	3	52	13	29	133	28	92	232	185	143	538	146	155	506	205	675	1201	2781	485	23995	1485	854	10593	736	14818	3380	968	4035	202	284	661	10	22	17	0	0	0	0	0	0	0	0	0
YNL054W	0	0	0	0	0	0	0	0	0	0	0	0	0	0	0	1	0	0	0	0	0	0	0	0	0	0	0	0	0	0	0	0	0	0	0	0	0	0	0	0	0	0	0	0	0	0	0	0
YHR052W-A	0	0	0	0	0	0	0	0	0	1	0	0	1	0	0	1	0	0	0	0	1	2	4	0	17	2	1	8	1	11	4	0	9	0	0	2	0	0	0	0	0	0	0	0	0	0	0	0
YLR466C-B	0	0	0	0	0	0	0	0	0	0	0	0	0	0	0	0	0	0	0	0	0	0	0	0	0	0	0	1	2	1	0	0	0	0	0	0	0	0	0	0	0	0	0	0	0	0	0	0
YHR054C	1	0	0	1	0	0	0	0	0	0	2	3	1	4	2	7	0	4	4	3	7	31	47	3	277	18	21	104	10	164	34	15	48	4	4	9	0	1	0	0	0	0	0	0	0	0	0	0
YJR161C	0	0	0	0	0	1	2	0	2	5	1	8	5	11	20	19	19	5	16	18	22	39	72	18	648	58	41	331	42	406	118	37	168	4	12	37	1	0	0	0	0	0	0	0	0	0	0	0
YDL106C	0	0	0	0	0	0	0	0	0	0	0	0	0	0	0	0	0	0	0	0	0	0	0	1	0	0	0	0	0	0	0	0	0	0	0	0	0	0	0	0	0	0	0	0	0	0	0	0
YHR216W	1	0	0	2	0	0	5	2	1	6	5	10	23	20	8	37	16	9	24	19	52	99	174	35	1587	98	68	531	47	859	241	51	222	17	7	58	1	1	1	0	0	0	0	0	0	0	0	0
YKL172W	0	0	0	0	0	0	0	0	0	0	0	0	0	3	0	0	2	0	0	0	0	0	8	0	42	0	0	1	0	13	1	4	0	4	0	0	0	0	0	0	0	0	0	0	0	0	0	0
YNL066W	0	0	0	0	0	0	0	0	0	0	0	0	0	0	0	0	0	0	0	0	0	0	0	0	0	0	0	0	0	1	0	0	0	0	0	0	0	0	0	0	0	0	0	0	0	0	0	0
YGL189C	1	0	0	0	1	1	4	1	4	6	2	4	13	16	4	41	6	7	23	6	31	45	135	9	1354	53	20	354	33	364	124	41	91	8	8	11	0	0	0	0	0	0	0	0	0	0	0	0
YLR206W	0	0	0	0	0	0	0	0	0	0	2	0	0	0	0	1	1	0	0	0	1	0	1	0	9	1	0	1	0	2	1	0	0	0	0	0	0	0	0	0	0	0	0	0	0	0	0	0
YBR300C	0	0	0	0	0	0	0	0	0	0	0	0	0	0	0	0	0	0	0	0	0	0	0	0	0	0	0	0	0	1	1	0	0	0	0	0	0	0	0	0	0	0	0	0	0	0	0	0
YDR443C	0	0	1	0	0	0	0	0	0	1	0	0	0	0	0	0	0	0	1	0	0	0	0	0	6	0	0	2	0	3	1	0	1	0	0	2	0	0	0	0	0	0	0	0	0	0	0	0
YEL036C	0	0	0	0	0	0	1	0	0	0	0	1	0	3	0	1	0	0	0	0	2	0	2	1	21	6	1	7	1	21	1	2	7	0	1	4	0	0	0	0	0	0	0	0	0	0	0	0
YHR010W	0	0	0	0	0	0	2	0	2	3	4	2	10	2	3	11	1	1	13	1	15	16	39	1	487	23	10	129	11	184	55	21	45	5	5	5	1	0	1	0	0	0	0	0	0	0	0	0
YDR508C	0	0	0	0	0	0	0	0	0	0	0	0	1	0	2	1	0	1	1	0	1	1	3	1	41	3	2	9	1	32	10	2	7	0	0	4	0	0	0	0	0	0	0	0	0	0	0	0
YER056C	0	0	0	0	0	0	0	0	1	0	0	0	1	1	4	6	3	3	4	4	9	20	58	6	321	14	29	80	13	223	43	13	59	6	3	16	0	0	0	0	0	1	0	0	0	0	0	0
YOL055C	0	0	0	0	0	0	0	0	0	0	0	0	0	0	0	0	0	0	0	0	1	0	0	0	0	0	0	0	0	0	0	0	0	0	0	0	0	0	0	0	0	0	0	0	0	0	0	0
YCR067C	0	0	0	0	0	0	0	0	0	0	0	0	0	0	0	0	0	0	0	0	0	0	0	2	2	0	0	0	0	0	0	0	0	0	0	0	0	0	0	0	0	0	0	0	0	0	0	0
YML063W	0	1	1	2	0	1	12	2	4	23	11	37	59	46	30	131	27	34	84	38	118	307	499	108	4720	324	188	2110	177	2267	753	164	641	33	34	146	2	3	0	0	0	0	0	0	0	0	0	0
YAL035W	0	0	0	0	0	0	0	0	0	0	0	0	0	2	0	0	0	0	0	0	0	0	1	0	15	0	0	2	0	9	0	0	0	0	0	0	0	0	0	0	0	0	0	0	0	0	0	0
YFR053C	0	0	0	0	0	0	0	0	0	0	0	0	0	0	0	0	0	1	0	0	0	0	4	0	2	0	0	0	0	0	0	0	1	0	0	0	0	0	0	0	0	0	0	0	0	0	0	0
YDR001C	0	0	0	0	0	0	0	0	0	0	0	0	0	0	0	0	0	0	0	0	0	0	0	0	2	0	0	1	0	0	0	0	1	0	0	0	0	0	0	0	0	0	0	0	0	0	0	0
YDR060W	0	0	0	0	0	0	0	1	0	0	0	0	0	0	0	0	0	0	0	0	0	0	0	0	0	0	0	0	0	0	0	0	0	0	0	0	0	0	0	0	0	0	0	0	0	0	0	0
YBL072C	1	0	1	3	8	3	52	13	29	133	28	92	232	185	143	538	146	155	506	205	675	1202	2781	484	23994	1484	856	10596	734	14817	3379	967	4037	202	283	662	7	23	19	0	0	0	0	0	0	0	0	0
YNL338W	0	0	0	0	0	0	0	0	0	0	0	0	0	0	0	0	0	0	0	0	0	0	0	0	0	0	0	0	2	1	0	0	0	0	0	0	0	0	0	0	0	0	0	0	0	0	0	0
YKR013W	0	0	0	0	0	0	0	0	0	0	0	0	0	0	0	0	0	0	1	0	0	0	0	0	0	0	0	0	0	0	0	0	0	0	0	0	0	0	0	0	0	0	0	0	0	0	0	0
YHR135C	0	0	0	0	0	0	0	0	0	0	0	0	0	0	1	0	0	0	1	0	0	0	0	1	2	1	0	1	0	3	0	0	4	0	1	0	0	0	0	0	0	0	0	0	0	0	0	0
YDR543C	0	0	0	0	0	0	0	0	0	0	0	0	0	0	0	0	0	0	0	0	0	0	0	0	0	0	0	0	1	0	0	0	0	0	0	0	0	0	0	0	0	0	0	0	0	0	0	0
YBR001C	0	0	0	0	0	0	0	0	0	0	0	0	0	0	0	0	0	0	0	0	0	0	0	0	2	0	0	1	0	0	0	0	1	0	0	0	0	0	0	0	0	0	0	0	0	0	0	0
YGL025C	0	0	0	0	0	0	0	0	0	0	0	0	0	0	0	0	0	0	0	0	0	0	1	0	1	0	0	0	0	0	0	0	0	0	0	0	0	0	0	0	0	0	0	0	0	0	0	0
YER060W-A	0	0	0	0	0	0	0	0	1	0	0	0	1	1	4	6	3	3	5	4	9	19	57	5	323	13	29	83	13	226	42	13	61	6	4	16	0	0	0	0	0	1	0	0	0	0	0	0
YOR317W	0	0	0	0	0	0	0	0	0	0	0	0	0	0	0	0	0	0	0	0	0	0	0	0	0	0	0	1	0	0	0	0	0	0	0	0	0	0	0	0	0	0	0	0	0	0	0	0
YBR181C	0	0	0	8	10	1	51	10	18	103	38	114	217	236	110	581	151	183	430	275	691	1423	3179	400	27239	1468	1124	10243	876	13844	3711	1003	4140	232	220	644	14	22	40	0	1	0	1	0	0	0	0	0
YOR167C	0	0	0	0	0	0	0	0	0	1	1	3	0	4	1	6	2	1	10	1	18	4	49	9	339	24	6	287	10	81	61	2	64	0	1	2	1	0	0	0	0	0	0	0	0	0	0	0
YMR263W	0	0	0	0	0	0	0	0	0	0	0	0	0	0	0	0	0	0	0	0	1	2	0	0	5	0	0	1	0	1	0	0	0	0	0	0	0	0	0	0	0	0	0	0	0	0	0	0
YGL258W	0	0	0	0	0	0	2	0	1	4	0	0	2	0	0	0	0	0	1	1	7	5	15	1	95	8	7	37	3	44	17	3	17	2	1	2	0	1	0	0	0	0	0	0	0	0	0	0
YOR383C	0	0	0	0	0	0	0	0	0	0	0	0	2	0	0	0	2	0	0	0	0	0	2	0	8	0	0	6	0	6	0	0	0	0	0	0	0	0	0	0	0	0	0	0	0	0	0	0
